T,G_HR,value
T0001,HR_DC,-41479.64945649991
T0002,HR_DC,-41479.64945649991
T0003,HR_DC,-41479.64945649991
T0004,HR_DC,-41479.64945649991
T0005,HR_DC,-41479.64945649991
T0006,HR_DC,-41479.64945649991
T0007,HR_DC,-41479.64945649991
T0008,HR_DC,-41479.64945649991
T0009,HR_DC,-41479.64945649991
T0010,HR_DC,-41479.64945649991
T0011,HR_DC,-41479.64945649991
T0012,HR_DC,-41479.64945649991
T0013,HR_DC,-41479.64945649991
T0014,HR_DC,-41479.64945649991
T0015,HR_DC,-41479.64945649991
T0016,HR_DC,-41479.64945649991
T0017,HR_DC,-41479.64945649991
T0018,HR_DC,-41479.64945649991
T0019,HR_DC,-41479.64945649991
T0020,HR_DC,-41479.64945649991
T0021,HR_DC,-41479.64945649991
T0022,HR_DC,-41479.64945649991
T0023,HR_DC,-41479.64945649991
T0024,HR_DC,-41479.64945649991
T0025,HR_DC,-41479.64945649991
T0026,HR_DC,-41479.64945649991
T0027,HR_DC,-41479.64945649991
T0028,HR_DC,-41479.64945649991
T0029,HR_DC,-41479.64945649991
T0030,HR_DC,-41479.64945649991
T0031,HR_DC,-41479.64945649991
T0032,HR_DC,-41479.64945649991
T0033,HR_DC,-41479.64945649991
T0034,HR_DC,-41479.64945649991
T0035,HR_DC,-41479.64945649991
T0036,HR_DC,-41479.64945649991
T0037,HR_DC,-41479.64945649991
T0038,HR_DC,-41479.64945649991
T0039,HR_DC,-41479.64945649991
T0040,HR_DC,-41479.64945649991
T0041,HR_DC,-41479.64945649991
T0042,HR_DC,-41479.64945649991
T0043,HR_DC,-41479.64945649991
T0044,HR_DC,-41479.64945649991
T0045,HR_DC,-41479.64945649991
T0046,HR_DC,-41479.64945649991
T0047,HR_DC,-41479.64945649991
T0048,HR_DC,-41479.64945649991
T0049,HR_DC,-41479.64945649991
T0050,HR_DC,-41479.64945649991
T0051,HR_DC,-41479.64945649991
T0052,HR_DC,-41479.64945649991
T0053,HR_DC,-41479.64945649991
T0054,HR_DC,-41479.64945649991
T0055,HR_DC,-41479.64945649991
T0056,HR_DC,-41479.64945649991
T0057,HR_DC,-41479.64945649991
T0058,HR_DC,-41479.64945649991
T0059,HR_DC,-41479.64945649991
T0060,HR_DC,-41479.64945649991
T0061,HR_DC,-41479.64945649991
T0062,HR_DC,-41479.64945649991
T0063,HR_DC,-41479.64945649991
T0064,HR_DC,-41479.64945649991
T0065,HR_DC,-41479.64945649991
T0066,HR_DC,-41479.64945649991
T0067,HR_DC,-41479.64945649991
T0068,HR_DC,-41479.64945649991
T0069,HR_DC,-41479.64945649991
T0070,HR_DC,-41479.64945649991
T0071,HR_DC,-41479.64945649991
T0072,HR_DC,-41479.64945649991
T0073,HR_DC,-41479.64945649991
T0074,HR_DC,-41479.64945649991
T0075,HR_DC,-41479.64945649991
T0076,HR_DC,-41479.64945649991
T0077,HR_DC,-41479.64945649991
T0078,HR_DC,-41479.64945649991
T0079,HR_DC,-41479.64945649991
T0080,HR_DC,-41479.64945649991
T0081,HR_DC,-41479.64945649991
T0082,HR_DC,-41479.64945649991
T0083,HR_DC,-41479.64945649991
T0084,HR_DC,-41479.64945649991
T0085,HR_DC,-41479.64945649991
T0086,HR_DC,-41479.64945649991
T0087,HR_DC,-41479.64945649991
T0088,HR_DC,-41479.64945649991
T0089,HR_DC,-41479.64945649991
T0090,HR_DC,-41479.64945649991
T0091,HR_DC,-41479.64945649991
T0092,HR_DC,-41479.64945649991
T0093,HR_DC,-41479.64945649991
T0094,HR_DC,-41479.64945649991
T0095,HR_DC,-41479.64945649991
T0096,HR_DC,-41479.64945649991
T0097,HR_DC,-41479.64945649991
T0098,HR_DC,-41479.64945649991
T0099,HR_DC,-41479.64945649991
T0100,HR_DC,-41479.64945649991
T0101,HR_DC,-41479.64945649991
T0102,HR_DC,-41479.64945649991
T0103,HR_DC,-41479.64945649991
T0104,HR_DC,-41479.64945649991
T0105,HR_DC,-41479.64945649991
T0106,HR_DC,-41479.64945649991
T0107,HR_DC,-41479.64945649991
T0108,HR_DC,-41479.64945649991
T0109,HR_DC,-41479.64945649991
T0110,HR_DC,-41479.64945649991
T0111,HR_DC,-41479.64945649991
T0112,HR_DC,-41479.64945649991
T0113,HR_DC,-41479.64945649991
T0114,HR_DC,-41479.64945649991
T0115,HR_DC,-41479.64945649991
T0116,HR_DC,-41479.64945649991
T0117,HR_DC,-41479.64945649991
T0118,HR_DC,-41479.64945649991
T0119,HR_DC,-41479.64945649991
T0120,HR_DC,-41479.64945649991
T0121,HR_DC,-41479.64945649991
T0122,HR_DC,-41479.64945649991
T0123,HR_DC,-41479.64945649991
T0124,HR_DC,-41479.64945649991
T0125,HR_DC,-41479.64945649991
T0126,HR_DC,-41479.64945649991
T0127,HR_DC,-41479.64945649991
T0128,HR_DC,-41479.64945649991
T0129,HR_DC,-41479.64945649991
T0130,HR_DC,-41479.64945649991
T0131,HR_DC,-41479.64945649991
T0132,HR_DC,-41479.64945649991
T0133,HR_DC,-41479.64945649991
T0134,HR_DC,-41479.64945649991
T0135,HR_DC,-41479.64945649991
T0136,HR_DC,-41479.64945649991
T0137,HR_DC,-41479.64945649991
T0138,HR_DC,-41479.64945649991
T0139,HR_DC,-41479.64945649991
T0140,HR_DC,-41479.64945649991
T0141,HR_DC,-41479.64945649991
T0142,HR_DC,-41479.64945649991
T0143,HR_DC,-41479.64945649991
T0144,HR_DC,-41479.64945649991
T0145,HR_DC,-41479.64945649991
T0146,HR_DC,-41479.64945649991
T0147,HR_DC,-41479.64945649991
T0148,HR_DC,-41479.64945649991
T0149,HR_DC,-41479.64945649991
T0150,HR_DC,-41479.64945649991
T0151,HR_DC,-41479.64945649991
T0152,HR_DC,-41479.64945649991
T0153,HR_DC,-41479.64945649991
T0154,HR_DC,-41479.64945649991
T0155,HR_DC,-41479.64945649991
T0156,HR_DC,-41479.64945649991
T0157,HR_DC,-41479.64945649991
T0158,HR_DC,-41479.64945649991
T0159,HR_DC,-41479.64945649991
T0160,HR_DC,-41479.64945649991
T0161,HR_DC,-41479.64945649991
T0162,HR_DC,-41479.64945649991
T0163,HR_DC,-41479.64945649991
T0164,HR_DC,-41479.64945649991
T0165,HR_DC,-41479.64945649991
T0166,HR_DC,-41479.64945649991
T0167,HR_DC,-41479.64945649991
T0168,HR_DC,-41479.64945649991
T0169,HR_DC,-41479.64945649991
T0170,HR_DC,-41479.64945649991
T0171,HR_DC,-41479.64945649991
T0172,HR_DC,-41479.64945649991
T0173,HR_DC,-41479.64945649991
T0174,HR_DC,-41479.64945649991
T0175,HR_DC,-41479.64945649991
T0176,HR_DC,-41479.64945649991
T0177,HR_DC,-41479.64945649991
T0178,HR_DC,-41479.64945649991
T0179,HR_DC,-41479.64945649991
T0180,HR_DC,-41479.64945649991
T0181,HR_DC,-41479.64945649991
T0182,HR_DC,-41479.64945649991
T0183,HR_DC,-41479.64945649991
T0184,HR_DC,-41479.64945649991
T0185,HR_DC,-41479.64945649991
T0186,HR_DC,-41479.64945649991
T0187,HR_DC,-41479.64945649991
T0188,HR_DC,-41479.64945649991
T0189,HR_DC,-41479.64945649991
T0190,HR_DC,-41479.64945649991
T0191,HR_DC,-41479.64945649991
T0192,HR_DC,-41479.64945649991
T0193,HR_DC,-41479.64945649991
T0194,HR_DC,-41479.64945649991
T0195,HR_DC,-41479.64945649991
T0196,HR_DC,-41479.64945649991
T0197,HR_DC,-41479.64945649991
T0198,HR_DC,-41479.64945649991
T0199,HR_DC,-41479.64945649991
T0200,HR_DC,-41479.64945649991
T0201,HR_DC,-41479.64945649991
T0202,HR_DC,-41479.64945649991
T0203,HR_DC,-41479.64945649991
T0204,HR_DC,-41479.64945649991
T0205,HR_DC,-41479.64945649991
T0206,HR_DC,-41479.64945649991
T0207,HR_DC,-41479.64945649991
T0208,HR_DC,-41479.64945649991
T0209,HR_DC,-41479.64945649991
T0210,HR_DC,-41479.64945649991
T0211,HR_DC,-41479.64945649991
T0212,HR_DC,-41479.64945649991
T0213,HR_DC,-41479.64945649991
T0214,HR_DC,-41479.64945649991
T0215,HR_DC,-41479.64945649991
T0216,HR_DC,-41479.64945649991
T0217,HR_DC,-41479.64945649991
T0218,HR_DC,-41479.64945649991
T0219,HR_DC,-41479.64945649991
T0220,HR_DC,-41479.64945649991
T0221,HR_DC,-41479.64945649991
T0222,HR_DC,-41479.64945649991
T0223,HR_DC,-41479.64945649991
T0224,HR_DC,-41479.64945649991
T0225,HR_DC,-41479.64945649991
T0226,HR_DC,-41479.64945649991
T0227,HR_DC,-41479.64945649991
T0228,HR_DC,-41479.64945649991
T0229,HR_DC,-41479.64945649991
T0230,HR_DC,-41479.64945649991
T0231,HR_DC,-41479.64945649991
T0232,HR_DC,-41479.64945649991
T0233,HR_DC,-41479.64945649991
T0234,HR_DC,-41479.64945649991
T0235,HR_DC,-41479.64945649991
T0236,HR_DC,-41479.64945649991
T0237,HR_DC,-41479.64945649991
T0238,HR_DC,-41479.64945649991
T0239,HR_DC,-41479.64945649991
T0240,HR_DC,-41479.64945649991
T0241,HR_DC,-41479.64945649991
T0242,HR_DC,-41479.64945649991
T0243,HR_DC,-41479.64945649991
T0244,HR_DC,-41479.64945649991
T0245,HR_DC,-41479.64945649991
T0246,HR_DC,-41479.64945649991
T0247,HR_DC,-41479.64945649991
T0248,HR_DC,-41479.64945649991
T0249,HR_DC,-41479.64945649991
T0250,HR_DC,-41479.64945649991
T0251,HR_DC,-41479.64945649991
T0252,HR_DC,-41479.64945649991
T0253,HR_DC,-41479.64945649991
T0254,HR_DC,-41479.64945649991
T0255,HR_DC,-41479.64945649991
T0256,HR_DC,-41479.64945649991
T0257,HR_DC,-41479.64945649991
T0258,HR_DC,-41479.64945649991
T0259,HR_DC,-41479.64945649991
T0260,HR_DC,-41479.64945649991
T0261,HR_DC,-41479.64945649991
T0262,HR_DC,-41479.64945649991
T0263,HR_DC,-41479.64945649991
T0264,HR_DC,-41479.64945649991
T0265,HR_DC,-41479.64945649991
T0266,HR_DC,-41479.64945649991
T0267,HR_DC,-41479.64945649991
T0268,HR_DC,-41479.64945649991
T0269,HR_DC,-41479.64945649991
T0270,HR_DC,-41479.64945649991
T0271,HR_DC,-41479.64945649991
T0272,HR_DC,-41479.64945649991
T0273,HR_DC,-41479.64945649991
T0274,HR_DC,-41479.64945649991
T0275,HR_DC,-41479.64945649991
T0276,HR_DC,-41479.64945649991
T0277,HR_DC,-41479.64945649991
T0278,HR_DC,-41479.64945649991
T0279,HR_DC,-41479.64945649991
T0280,HR_DC,-41479.64945649991
T0281,HR_DC,-41479.64945649991
T0282,HR_DC,-41479.64945649991
T0283,HR_DC,-41479.64945649991
T0284,HR_DC,-41479.64945649991
T0285,HR_DC,-41479.64945649991
T0286,HR_DC,-41479.64945649991
T0287,HR_DC,-41479.64945649991
T0288,HR_DC,-41479.64945649991
T0289,HR_DC,-41479.64945649991
T0290,HR_DC,-41479.64945649991
T0291,HR_DC,-41479.64945649991
T0292,HR_DC,-41479.64945649991
T0293,HR_DC,-41479.64945649991
T0294,HR_DC,-41479.64945649991
T0295,HR_DC,-41479.64945649991
T0296,HR_DC,-41479.64945649991
T0297,HR_DC,-41479.64945649991
T0298,HR_DC,-41479.64945649991
T0299,HR_DC,-41479.64945649991
T0300,HR_DC,-41479.64945649991
T0301,HR_DC,-41479.64945649991
T0302,HR_DC,-41479.64945649991
T0303,HR_DC,-41479.64945649991
T0304,HR_DC,-41479.64945649991
T0305,HR_DC,-41479.64945649991
T0306,HR_DC,-41479.64945649991
T0307,HR_DC,-41479.64945649991
T0308,HR_DC,-41479.64945649991
T0309,HR_DC,-41479.64945649991
T0310,HR_DC,-41479.64945649991
T0311,HR_DC,-41479.64945649991
T0312,HR_DC,-41479.64945649991
T0313,HR_DC,-41479.64945649991
T0314,HR_DC,-41479.64945649991
T0315,HR_DC,-41479.64945649991
T0316,HR_DC,-41479.64945649991
T0317,HR_DC,-41479.64945649991
T0318,HR_DC,-41479.64945649991
T0319,HR_DC,-41479.64945649991
T0320,HR_DC,-41479.64945649991
T0321,HR_DC,-41479.64945649991
T0322,HR_DC,-41479.64945649991
T0323,HR_DC,-41479.64945649991
T0324,HR_DC,-41479.64945649991
T0325,HR_DC,-41479.64945649991
T0326,HR_DC,-41479.64945649991
T0327,HR_DC,-41479.64945649991
T0328,HR_DC,-41479.64945649991
T0329,HR_DC,-41479.64945649991
T0330,HR_DC,-41479.64945649991
T0331,HR_DC,-41479.64945649991
T0332,HR_DC,-41479.64945649991
T0333,HR_DC,-41479.64945649991
T0334,HR_DC,-41479.64945649991
T0335,HR_DC,-41479.64945649991
T0336,HR_DC,-41479.64945649991
T0337,HR_DC,-41479.64945649991
T0338,HR_DC,-41479.64945649991
T0339,HR_DC,-41479.64945649991
T0340,HR_DC,-41479.64945649991
T0341,HR_DC,-41479.64945649991
T0342,HR_DC,-41479.64945649991
T0343,HR_DC,-41479.64945649991
T0344,HR_DC,-41479.64945649991
T0345,HR_DC,-41479.64945649991
T0346,HR_DC,-41479.64945649991
T0347,HR_DC,-41479.64945649991
T0348,HR_DC,-41479.64945649991
T0349,HR_DC,-41479.64945649991
T0350,HR_DC,-41479.64945649991
T0351,HR_DC,-41479.64945649991
T0352,HR_DC,-41479.64945649991
T0353,HR_DC,-41479.64945649991
T0354,HR_DC,-41479.64945649991
T0355,HR_DC,-41479.64945649991
T0356,HR_DC,-41479.64945649991
T0357,HR_DC,-41479.64945649991
T0358,HR_DC,-41479.64945649991
T0359,HR_DC,-41479.64945649991
T0360,HR_DC,-41479.64945649991
T0361,HR_DC,-41479.64945649991
T0362,HR_DC,-41479.64945649991
T0363,HR_DC,-41479.64945649991
T0364,HR_DC,-41479.64945649991
T0365,HR_DC,-41479.64945649991
T0366,HR_DC,-41479.64945649991
T0367,HR_DC,-41479.64945649991
T0368,HR_DC,-41479.64945649991
T0369,HR_DC,-41479.64945649991
T0370,HR_DC,-41479.64945649991
T0371,HR_DC,-41479.64945649991
T0372,HR_DC,-41479.64945649991
T0373,HR_DC,-41479.64945649991
T0374,HR_DC,-41479.64945649991
T0375,HR_DC,-41479.64945649991
T0376,HR_DC,-41479.64945649991
T0377,HR_DC,-41479.64945649991
T0378,HR_DC,-41479.64945649991
T0379,HR_DC,-41479.64945649991
T0380,HR_DC,-41479.64945649991
T0381,HR_DC,-41479.64945649991
T0382,HR_DC,-41479.64945649991
T0383,HR_DC,-41479.64945649991
T0384,HR_DC,-41479.64945649991
T0385,HR_DC,-41479.64945649991
T0386,HR_DC,-41479.64945649991
T0387,HR_DC,-41479.64945649991
T0388,HR_DC,-41479.64945649991
T0389,HR_DC,-41479.64945649991
T0390,HR_DC,-41479.64945649991
T0391,HR_DC,-41479.64945649991
T0392,HR_DC,-41479.64945649991
T0393,HR_DC,-41479.64945649991
T0394,HR_DC,-41479.64945649991
T0395,HR_DC,-41479.64945649991
T0396,HR_DC,-41479.64945649991
T0397,HR_DC,-41479.64945649991
T0398,HR_DC,-41479.64945649991
T0399,HR_DC,-41479.64945649991
T0400,HR_DC,-41479.64945649991
T0401,HR_DC,-41479.64945649991
T0402,HR_DC,-41479.64945649991
T0403,HR_DC,-41479.64945649991
T0404,HR_DC,-41479.64945649991
T0405,HR_DC,-41479.64945649991
T0406,HR_DC,-41479.64945649991
T0407,HR_DC,-41479.64945649991
T0408,HR_DC,-41479.64945649991
T0409,HR_DC,-41479.64945649991
T0410,HR_DC,-41479.64945649991
T0411,HR_DC,-41479.64945649991
T0412,HR_DC,-41479.64945649991
T0413,HR_DC,-41479.64945649991
T0414,HR_DC,-41479.64945649991
T0415,HR_DC,-41479.64945649991
T0416,HR_DC,-41479.64945649991
T0417,HR_DC,-41479.64945649991
T0418,HR_DC,-41479.64945649991
T0419,HR_DC,-41479.64945649991
T0420,HR_DC,-41479.64945649991
T0421,HR_DC,-41479.64945649991
T0422,HR_DC,-41479.64945649991
T0423,HR_DC,-41479.64945649991
T0424,HR_DC,-41479.64945649991
T0425,HR_DC,-41479.64945649991
T0426,HR_DC,-41479.64945649991
T0427,HR_DC,-41479.64945649991
T0428,HR_DC,-41479.64945649991
T0429,HR_DC,-41479.64945649991
T0430,HR_DC,-41479.64945649991
T0431,HR_DC,-41479.64945649991
T0432,HR_DC,-41479.64945649991
T0433,HR_DC,-41479.64945649991
T0434,HR_DC,-41479.64945649991
T0435,HR_DC,-41479.64945649991
T0436,HR_DC,-41479.64945649991
T0437,HR_DC,-41479.64945649991
T0438,HR_DC,-41479.64945649991
T0439,HR_DC,-41479.64945649991
T0440,HR_DC,-41479.64945649991
T0441,HR_DC,-41479.64945649991
T0442,HR_DC,-41479.64945649991
T0443,HR_DC,-41479.64945649991
T0444,HR_DC,-41479.64945649991
T0445,HR_DC,-41479.64945649991
T0446,HR_DC,-41479.64945649991
T0447,HR_DC,-41479.64945649991
T0448,HR_DC,-41479.64945649991
T0449,HR_DC,-41479.64945649991
T0450,HR_DC,-41479.64945649991
T0451,HR_DC,-41479.64945649991
T0452,HR_DC,-41479.64945649991
T0453,HR_DC,-41479.64945649991
T0454,HR_DC,-41479.64945649991
T0455,HR_DC,-41479.64945649991
T0456,HR_DC,-41479.64945649991
T0457,HR_DC,-41479.64945649991
T0458,HR_DC,-41479.64945649991
T0459,HR_DC,-41479.64945649991
T0460,HR_DC,-41479.64945649991
T0461,HR_DC,-41479.64945649991
T0462,HR_DC,-41479.64945649991
T0463,HR_DC,-41479.64945649991
T0464,HR_DC,-41479.64945649991
T0465,HR_DC,-41479.64945649991
T0466,HR_DC,-41479.64945649991
T0467,HR_DC,-41479.64945649991
T0468,HR_DC,-41479.64945649991
T0469,HR_DC,-41479.64945649991
T0470,HR_DC,-41479.64945649991
T0471,HR_DC,-41479.64945649991
T0472,HR_DC,-41479.64945649991
T0473,HR_DC,-41479.64945649991
T0474,HR_DC,-41479.64945649991
T0475,HR_DC,-41479.64945649991
T0476,HR_DC,-41479.64945649991
T0477,HR_DC,-41479.64945649991
T0478,HR_DC,-41479.64945649991
T0479,HR_DC,-41479.64945649991
T0480,HR_DC,-41479.64945649991
T0481,HR_DC,-41479.64945649991
T0482,HR_DC,-41479.64945649991
T0483,HR_DC,-41479.64945649991
T0484,HR_DC,-41479.64945649991
T0485,HR_DC,-41479.64945649991
T0486,HR_DC,-41479.64945649991
T0487,HR_DC,-41479.64945649991
T0488,HR_DC,-41479.64945649991
T0489,HR_DC,-41479.64945649991
T0490,HR_DC,-41479.64945649991
T0491,HR_DC,-41479.64945649991
T0492,HR_DC,-41479.64945649991
T0493,HR_DC,-41479.64945649991
T0494,HR_DC,-41479.64945649991
T0495,HR_DC,-41479.64945649991
T0496,HR_DC,-41479.64945649991
T0497,HR_DC,-41479.64945649991
T0498,HR_DC,-41479.64945649991
T0499,HR_DC,-41479.64945649991
T0500,HR_DC,-41479.64945649991
T0501,HR_DC,-41479.64945649991
T0502,HR_DC,-41479.64945649991
T0503,HR_DC,-41479.64945649991
T0504,HR_DC,-41479.64945649991
T0505,HR_DC,-41479.64945649991
T0506,HR_DC,-41479.64945649991
T0507,HR_DC,-41479.64945649991
T0508,HR_DC,-41479.64945649991
T0509,HR_DC,-41479.64945649991
T0510,HR_DC,-41479.64945649991
T0511,HR_DC,-41479.64945649991
T0512,HR_DC,-41479.64945649991
T0513,HR_DC,-41479.64945649991
T0514,HR_DC,-41479.64945649991
T0515,HR_DC,-41479.64945649991
T0516,HR_DC,-41479.64945649991
T0517,HR_DC,-41479.64945649991
T0518,HR_DC,-41479.64945649991
T0519,HR_DC,-41479.64945649991
T0520,HR_DC,-41479.64945649991
T0521,HR_DC,-41479.64945649991
T0522,HR_DC,-41479.64945649991
T0523,HR_DC,-41479.64945649991
T0524,HR_DC,-41479.64945649991
T0525,HR_DC,-41479.64945649991
T0526,HR_DC,-41479.64945649991
T0527,HR_DC,-41479.64945649991
T0528,HR_DC,-41479.64945649991
T0529,HR_DC,-41479.64945649991
T0530,HR_DC,-41479.64945649991
T0531,HR_DC,-41479.64945649991
T0532,HR_DC,-41479.64945649991
T0533,HR_DC,-41479.64945649991
T0534,HR_DC,-41479.64945649991
T0535,HR_DC,-41479.64945649991
T0536,HR_DC,-41479.64945649991
T0537,HR_DC,-41479.64945649991
T0538,HR_DC,-41479.64945649991
T0539,HR_DC,-41479.64945649991
T0540,HR_DC,-41479.64945649991
T0541,HR_DC,-41479.64945649991
T0542,HR_DC,-41479.64945649991
T0543,HR_DC,-41479.64945649991
T0544,HR_DC,-41479.64945649991
T0545,HR_DC,-41479.64945649991
T0546,HR_DC,-41479.64945649991
T0547,HR_DC,-41479.64945649991
T0548,HR_DC,-41479.64945649991
T0549,HR_DC,-41479.64945649991
T0550,HR_DC,-41479.64945649991
T0551,HR_DC,-41479.64945649991
T0552,HR_DC,-41479.64945649991
T0553,HR_DC,-41479.64945649991
T0554,HR_DC,-41479.64945649991
T0555,HR_DC,-41479.64945649991
T0556,HR_DC,-41479.64945649991
T0557,HR_DC,-41479.64945649991
T0558,HR_DC,-41479.64945649991
T0559,HR_DC,-41479.64945649991
T0560,HR_DC,-41479.64945649991
T0561,HR_DC,-41479.64945649991
T0562,HR_DC,-41479.64945649991
T0563,HR_DC,-41479.64945649991
T0564,HR_DC,-41479.64945649991
T0565,HR_DC,-41479.64945649991
T0566,HR_DC,-41479.64945649991
T0567,HR_DC,-41479.64945649991
T0568,HR_DC,-41479.64945649991
T0569,HR_DC,-41479.64945649991
T0570,HR_DC,-41479.64945649991
T0571,HR_DC,-41479.64945649991
T0572,HR_DC,-41479.64945649991
T0573,HR_DC,-41479.64945649991
T0574,HR_DC,-41479.64945649991
T0575,HR_DC,-41479.64945649991
T0576,HR_DC,-41479.64945649991
T0577,HR_DC,-41479.64945649991
T0578,HR_DC,-41479.64945649991
T0579,HR_DC,-41479.64945649991
T0580,HR_DC,-41479.64945649991
T0581,HR_DC,-41479.64945649991
T0582,HR_DC,-41479.64945649991
T0583,HR_DC,-41479.64945649991
T0584,HR_DC,-41479.64945649991
T0585,HR_DC,-41479.64945649991
T0586,HR_DC,-41479.64945649991
T0587,HR_DC,-41479.64945649991
T0588,HR_DC,-41479.64945649991
T0589,HR_DC,-41479.64945649991
T0590,HR_DC,-41479.64945649991
T0591,HR_DC,-41479.64945649991
T0592,HR_DC,-41479.64945649991
T0593,HR_DC,-41479.64945649991
T0594,HR_DC,-41479.64945649991
T0595,HR_DC,-41479.64945649991
T0596,HR_DC,-41479.64945649991
T0597,HR_DC,-41479.64945649991
T0598,HR_DC,-41479.64945649991
T0599,HR_DC,-41479.64945649991
T0600,HR_DC,-41479.64945649991
T0601,HR_DC,-41479.64945649991
T0602,HR_DC,-41479.64945649991
T0603,HR_DC,-41479.64945649991
T0604,HR_DC,-41479.64945649991
T0605,HR_DC,-41479.64945649991
T0606,HR_DC,-41479.64945649991
T0607,HR_DC,-41479.64945649991
T0608,HR_DC,-41479.64945649991
T0609,HR_DC,-41479.64945649991
T0610,HR_DC,-41479.64945649991
T0611,HR_DC,-41479.64945649991
T0612,HR_DC,-41479.64945649991
T0613,HR_DC,-41479.64945649991
T0614,HR_DC,-41479.64945649991
T0615,HR_DC,-41479.64945649991
T0616,HR_DC,-41479.64945649991
T0617,HR_DC,-41479.64945649991
T0618,HR_DC,-41479.64945649991
T0619,HR_DC,-41479.64945649991
T0620,HR_DC,-41479.64945649991
T0621,HR_DC,-41479.64945649991
T0622,HR_DC,-41479.64945649991
T0623,HR_DC,-41479.64945649991
T0624,HR_DC,-41479.64945649991
T0625,HR_DC,-41479.64945649991
T0626,HR_DC,-41479.64945649991
T0627,HR_DC,-41479.64945649991
T0628,HR_DC,-41479.64945649991
T0629,HR_DC,-41479.64945649991
T0630,HR_DC,-41479.64945649991
T0631,HR_DC,-41479.64945649991
T0632,HR_DC,-41479.64945649991
T0633,HR_DC,-41479.64945649991
T0634,HR_DC,-41479.64945649991
T0635,HR_DC,-41479.64945649991
T0636,HR_DC,-41479.64945649991
T0637,HR_DC,-41479.64945649991
T0638,HR_DC,-41479.64945649991
T0639,HR_DC,-41479.64945649991
T0640,HR_DC,-41479.64945649991
T0641,HR_DC,-41479.64945649991
T0642,HR_DC,-41479.64945649991
T0643,HR_DC,-41479.64945649991
T0644,HR_DC,-41479.64945649991
T0645,HR_DC,-41479.64945649991
T0646,HR_DC,-41479.64945649991
T0647,HR_DC,-41479.64945649991
T0648,HR_DC,-41479.64945649991
T0649,HR_DC,-41479.64945649991
T0650,HR_DC,-41479.64945649991
T0651,HR_DC,-41479.64945649991
T0652,HR_DC,-41479.64945649991
T0653,HR_DC,-41479.64945649991
T0654,HR_DC,-41479.64945649991
T0655,HR_DC,-41479.64945649991
T0656,HR_DC,-41479.64945649991
T0657,HR_DC,-41479.64945649991
T0658,HR_DC,-41479.64945649991
T0659,HR_DC,-41479.64945649991
T0660,HR_DC,-41479.64945649991
T0661,HR_DC,-41479.64945649991
T0662,HR_DC,-41479.64945649991
T0663,HR_DC,-41479.64945649991
T0664,HR_DC,-41479.64945649991
T0665,HR_DC,-41479.64945649991
T0666,HR_DC,-41479.64945649991
T0667,HR_DC,-41479.64945649991
T0668,HR_DC,-41479.64945649991
T0669,HR_DC,-41479.64945649991
T0670,HR_DC,-41479.64945649991
T0671,HR_DC,-41479.64945649991
T0672,HR_DC,-41479.64945649991
T0673,HR_DC,-41479.64945649991
T0674,HR_DC,-41479.64945649991
T0675,HR_DC,-41479.64945649991
T0676,HR_DC,-41479.64945649991
T0677,HR_DC,-41479.64945649991
T0678,HR_DC,-41479.64945649991
T0679,HR_DC,-41479.64945649991
T0680,HR_DC,-41479.64945649991
T0681,HR_DC,-41479.64945649991
T0682,HR_DC,-41479.64945649991
T0683,HR_DC,-41479.64945649991
T0684,HR_DC,-41479.64945649991
T0685,HR_DC,-41479.64945649991
T0686,HR_DC,-41479.64945649991
T0687,HR_DC,-41479.64945649991
T0688,HR_DC,-41479.64945649991
T0689,HR_DC,-41479.64945649991
T0690,HR_DC,-41479.64945649991
T0691,HR_DC,-41479.64945649991
T0692,HR_DC,-41479.64945649991
T0693,HR_DC,-41479.64945649991
T0694,HR_DC,-41479.64945649991
T0695,HR_DC,-41479.64945649991
T0696,HR_DC,-41479.64945649991
T0697,HR_DC,-41479.64945649991
T0698,HR_DC,-41479.64945649991
T0699,HR_DC,-41479.64945649991
T0700,HR_DC,-41479.64945649991
T0701,HR_DC,-41479.64945649991
T0702,HR_DC,-41479.64945649991
T0703,HR_DC,-41479.64945649991
T0704,HR_DC,-41479.64945649991
T0705,HR_DC,-41479.64945649991
T0706,HR_DC,-41479.64945649991
T0707,HR_DC,-41479.64945649991
T0708,HR_DC,-41479.64945649991
T0709,HR_DC,-41479.64945649991
T0710,HR_DC,-41479.64945649991
T0711,HR_DC,-41479.64945649991
T0712,HR_DC,-41479.64945649991
T0713,HR_DC,-41479.64945649991
T0714,HR_DC,-41479.64945649991
T0715,HR_DC,-41479.64945649991
T0716,HR_DC,-41479.64945649991
T0717,HR_DC,-41479.64945649991
T0718,HR_DC,-41479.64945649991
T0719,HR_DC,-41479.64945649991
T0720,HR_DC,-41479.64945649991
T0721,HR_DC,-41479.64945649991
T0722,HR_DC,-41479.64945649991
T0723,HR_DC,-41479.64945649991
T0724,HR_DC,-41479.64945649991
T0725,HR_DC,-41479.64945649991
T0726,HR_DC,-41479.64945649991
T0727,HR_DC,-41479.64945649991
T0728,HR_DC,-41479.64945649991
T0729,HR_DC,-41479.64945649991
T0730,HR_DC,-41479.64945649991
T0731,HR_DC,-41478.50078742811
T0732,HR_DC,-41478.50078742811
T0733,HR_DC,-41478.50078742811
T0734,HR_DC,-41478.50078742811
T0735,HR_DC,-41478.50078742811
T0736,HR_DC,-41478.50078742811
T0737,HR_DC,-41478.50078742811
T0738,HR_DC,-41478.50078742811
T0739,HR_DC,-41478.50078742811
T0740,HR_DC,-41478.50078742811
T0741,HR_DC,-41478.50078742811
T0742,HR_DC,-41478.50078742811
T0743,HR_DC,-41478.50078742811
T0744,HR_DC,-41478.50078742811
T0745,HR_DC,-41478.50078742811
T0746,HR_DC,-41478.50078742811
T0747,HR_DC,-41478.50078742811
T0748,HR_DC,-41478.50078742811
T0749,HR_DC,-41478.50078742811
T0750,HR_DC,-41478.50078742811
T0751,HR_DC,-41478.50078742811
T0752,HR_DC,-41478.50078742811
T0753,HR_DC,-41478.50078742811
T0754,HR_DC,-41478.50078742811
T0755,HR_DC,-41478.50078742811
T0756,HR_DC,-41478.50078742811
T0757,HR_DC,-41478.50078742811
T0758,HR_DC,-41478.50078742811
T0759,HR_DC,-41478.50078742811
T0760,HR_DC,-41478.50078742811
T0761,HR_DC,-41478.50078742811
T0762,HR_DC,-41478.50078742811
T0763,HR_DC,-41478.50078742811
T0764,HR_DC,-41478.50078742811
T0765,HR_DC,-41478.50078742811
T0766,HR_DC,-41478.50078742811
T0767,HR_DC,-41478.50078742811
T0768,HR_DC,-41478.50078742811
T0769,HR_DC,-41478.50078742811
T0770,HR_DC,-41478.50078742811
T0771,HR_DC,-41478.50078742811
T0772,HR_DC,-41478.50078742811
T0773,HR_DC,-41478.50078742811
T0774,HR_DC,-41478.50078742811
T0775,HR_DC,-41478.50078742811
T0776,HR_DC,-41478.50078742811
T0777,HR_DC,-41478.50078742811
T0778,HR_DC,-41478.50078742811
T0779,HR_DC,-41478.50078742811
T0780,HR_DC,-41478.50078742811
T0781,HR_DC,-41478.50078742811
T0782,HR_DC,-41478.50078742811
T0783,HR_DC,-41478.50078742811
T0784,HR_DC,-41478.50078742811
T0785,HR_DC,-41478.50078742811
T0786,HR_DC,-41478.50078742811
T0787,HR_DC,-41478.50078742811
T0788,HR_DC,-41478.50078742811
T0789,HR_DC,-41478.50078742811
T0790,HR_DC,-41478.50078742811
T0791,HR_DC,-41478.50078742811
T0792,HR_DC,-41478.50078742811
T0793,HR_DC,-41478.50078742811
T0794,HR_DC,-41478.50078742811
T0795,HR_DC,-41478.50078742811
T0796,HR_DC,-41478.50078742811
T0797,HR_DC,-41478.50078742811
T0798,HR_DC,-41478.50078742811
T0799,HR_DC,-41478.50078742811
T0800,HR_DC,-41478.50078742811
T0801,HR_DC,-41478.50078742811
T0802,HR_DC,-41478.50078742811
T0803,HR_DC,-41478.50078742811
T0804,HR_DC,-41478.50078742811
T0805,HR_DC,-41478.50078742811
T0806,HR_DC,-41478.50078742811
T0807,HR_DC,-41478.50078742811
T0808,HR_DC,-41478.50078742811
T0809,HR_DC,-41478.50078742811
T0810,HR_DC,-41478.50078742811
T0811,HR_DC,-41478.50078742811
T0812,HR_DC,-41478.50078742811
T0813,HR_DC,-41478.50078742811
T0814,HR_DC,-41478.50078742811
T0815,HR_DC,-41478.50078742811
T0816,HR_DC,-41478.50078742811
T0817,HR_DC,-41478.50078742811
T0818,HR_DC,-41478.50078742811
T0819,HR_DC,-41478.50078742811
T0820,HR_DC,-41478.50078742811
T0821,HR_DC,-41478.50078742811
T0822,HR_DC,-41478.50078742811
T0823,HR_DC,-41478.50078742811
T0824,HR_DC,-41478.50078742811
T0825,HR_DC,-41478.50078742811
T0826,HR_DC,-41478.50078742811
T0827,HR_DC,-41478.50078742811
T0828,HR_DC,-41478.50078742811
T0829,HR_DC,-41478.50078742811
T0830,HR_DC,-41478.50078742811
T0831,HR_DC,-41478.50078742811
T0832,HR_DC,-41478.50078742811
T0833,HR_DC,-41478.50078742811
T0834,HR_DC,-41478.50078742811
T0835,HR_DC,-41478.50078742811
T0836,HR_DC,-41478.50078742811
T0837,HR_DC,-41478.50078742811
T0838,HR_DC,-41478.50078742811
T0839,HR_DC,-41478.50078742811
T0840,HR_DC,-41478.50078742811
T0841,HR_DC,-41478.50078742811
T0842,HR_DC,-41478.50078742811
T0843,HR_DC,-41478.50078742811
T0844,HR_DC,-41478.50078742811
T0845,HR_DC,-41478.50078742811
T0846,HR_DC,-41478.50078742811
T0847,HR_DC,-41478.50078742811
T0848,HR_DC,-41478.50078742811
T0849,HR_DC,-41478.50078742811
T0850,HR_DC,-41478.50078742811
T0851,HR_DC,-41478.50078742811
T0852,HR_DC,-41478.50078742811
T0853,HR_DC,-41478.50078742811
T0854,HR_DC,-41478.50078742811
T0855,HR_DC,-41478.50078742811
T0856,HR_DC,-41478.50078742811
T0857,HR_DC,-41478.50078742811
T0858,HR_DC,-41478.50078742811
T0859,HR_DC,-41478.50078742811
T0860,HR_DC,-41478.50078742811
T0861,HR_DC,-41478.50078742811
T0862,HR_DC,-41478.50078742811
T0863,HR_DC,-41478.50078742811
T0864,HR_DC,-41478.50078742811
T0865,HR_DC,-41478.50078742811
T0866,HR_DC,-41478.50078742811
T0867,HR_DC,-41478.50078742811
T0868,HR_DC,-41478.50078742811
T0869,HR_DC,-41478.50078742811
T0870,HR_DC,-41478.50078742811
T0871,HR_DC,-41478.50078742811
T0872,HR_DC,-41478.50078742811
T0873,HR_DC,-41478.50078742811
T0874,HR_DC,-41478.50078742811
T0875,HR_DC,-41478.50078742811
T0876,HR_DC,-41478.50078742811
T0877,HR_DC,-41478.50078742811
T0878,HR_DC,-41478.50078742811
T0879,HR_DC,-41478.50078742811
T0880,HR_DC,-41478.50078742811
T0881,HR_DC,-41478.50078742811
T0882,HR_DC,-41478.50078742811
T0883,HR_DC,-41478.50078742811
T0884,HR_DC,-41478.50078742811
T0885,HR_DC,-41478.50078742811
T0886,HR_DC,-41478.50078742811
T0887,HR_DC,-41478.50078742811
T0888,HR_DC,-41478.50078742811
T0889,HR_DC,-41478.50078742811
T0890,HR_DC,-41478.50078742811
T0891,HR_DC,-41478.50078742811
T0892,HR_DC,-41478.50078742811
T0893,HR_DC,-41478.50078742811
T0894,HR_DC,-41478.50078742811
T0895,HR_DC,-41478.50078742811
T0896,HR_DC,-41478.50078742811
T0897,HR_DC,-41478.50078742811
T0898,HR_DC,-41478.50078742811
T0899,HR_DC,-41478.50078742811
T0900,HR_DC,-41478.50078742811
T0901,HR_DC,-41478.50078742811
T0902,HR_DC,-41478.50078742811
T0903,HR_DC,-41478.50078742811
T0904,HR_DC,-41478.50078742811
T0905,HR_DC,-41478.50078742811
T0906,HR_DC,-41478.50078742811
T0907,HR_DC,-41478.50078742811
T0908,HR_DC,-41478.50078742811
T0909,HR_DC,-41478.50078742811
T0910,HR_DC,-41478.50078742811
T0911,HR_DC,-41478.50078742811
T0912,HR_DC,-41478.50078742811
T0913,HR_DC,-41478.50078742811
T0914,HR_DC,-41478.50078742811
T0915,HR_DC,-41478.50078742811
T0916,HR_DC,-41478.50078742811
T0917,HR_DC,-41478.50078742811
T0918,HR_DC,-41478.50078742811
T0919,HR_DC,-41478.50078742811
T0920,HR_DC,-41478.50078742811
T0921,HR_DC,-41478.50078742811
T0922,HR_DC,-41478.50078742811
T0923,HR_DC,-41478.50078742811
T0924,HR_DC,-41478.50078742811
T0925,HR_DC,-41478.50078742811
T0926,HR_DC,-41478.50078742811
T0927,HR_DC,-41478.50078742811
T0928,HR_DC,-41478.50078742811
T0929,HR_DC,-41478.50078742811
T0930,HR_DC,-41478.50078742811
T0931,HR_DC,-41478.50078742811
T0932,HR_DC,-41478.50078742811
T0933,HR_DC,-41478.50078742811
T0934,HR_DC,-41478.50078742811
T0935,HR_DC,-41478.50078742811
T0936,HR_DC,-41478.50078742811
T0937,HR_DC,-41478.50078742811
T0938,HR_DC,-41478.50078742811
T0939,HR_DC,-41478.50078742811
T0940,HR_DC,-41478.50078742811
T0941,HR_DC,-41478.50078742811
T0942,HR_DC,-41478.50078742811
T0943,HR_DC,-41478.50078742811
T0944,HR_DC,-41478.50078742811
T0945,HR_DC,-41478.50078742811
T0946,HR_DC,-41478.50078742811
T0947,HR_DC,-41478.50078742811
T0948,HR_DC,-41478.50078742811
T0949,HR_DC,-41478.50078742811
T0950,HR_DC,-41478.50078742811
T0951,HR_DC,-41478.50078742811
T0952,HR_DC,-41478.50078742811
T0953,HR_DC,-41478.50078742811
T0954,HR_DC,-41478.50078742811
T0955,HR_DC,-41478.50078742811
T0956,HR_DC,-41478.50078742811
T0957,HR_DC,-41478.50078742811
T0958,HR_DC,-41478.50078742811
T0959,HR_DC,-41478.50078742811
T0960,HR_DC,-41478.50078742811
T0961,HR_DC,-41478.50078742811
T0962,HR_DC,-41478.50078742811
T0963,HR_DC,-41478.50078742811
T0964,HR_DC,-41478.50078742811
T0965,HR_DC,-41478.50078742811
T0966,HR_DC,-41478.50078742811
T0967,HR_DC,-41478.50078742811
T0968,HR_DC,-41478.50078742811
T0969,HR_DC,-41478.50078742811
T0970,HR_DC,-41478.50078742811
T0971,HR_DC,-41478.50078742811
T0972,HR_DC,-41478.50078742811
T0973,HR_DC,-41478.50078742811
T0974,HR_DC,-41478.50078742811
T0975,HR_DC,-41478.50078742811
T0976,HR_DC,-41478.50078742811
T0977,HR_DC,-41478.50078742811
T0978,HR_DC,-41478.50078742811
T0979,HR_DC,-41478.50078742811
T0980,HR_DC,-41478.50078742811
T0981,HR_DC,-41478.50078742811
T0982,HR_DC,-41478.50078742811
T0983,HR_DC,-41478.50078742811
T0984,HR_DC,-41478.50078742811
T0985,HR_DC,-41478.50078742811
T0986,HR_DC,-41478.50078742811
T0987,HR_DC,-41478.50078742811
T0988,HR_DC,-41478.50078742811
T0989,HR_DC,-41478.50078742811
T0990,HR_DC,-41478.50078742811
T0991,HR_DC,-41478.50078742811
T0992,HR_DC,-41478.50078742811
T0993,HR_DC,-41478.50078742811
T0994,HR_DC,-41478.50078742811
T0995,HR_DC,-41478.50078742811
T0996,HR_DC,-41478.50078742811
T0997,HR_DC,-41478.50078742811
T0998,HR_DC,-41478.50078742811
T0999,HR_DC,-41478.50078742811
T1000,HR_DC,-41478.50078742811
T1001,HR_DC,-41478.50078742811
T1002,HR_DC,-41478.50078742811
T1003,HR_DC,-41478.50078742811
T1004,HR_DC,-41478.50078742811
T1005,HR_DC,-41478.50078742811
T1006,HR_DC,-41478.50078742811
T1007,HR_DC,-41478.50078742811
T1008,HR_DC,-41478.50078742811
T1009,HR_DC,-41478.50078742811
T1010,HR_DC,-41478.50078742811
T1011,HR_DC,-41478.50078742811
T1012,HR_DC,-41478.50078742811
T1013,HR_DC,-41478.50078742811
T1014,HR_DC,-41478.50078742811
T1015,HR_DC,-41478.50078742811
T1016,HR_DC,-41478.50078742811
T1017,HR_DC,-41478.50078742811
T1018,HR_DC,-41478.50078742811
T1019,HR_DC,-41478.50078742811
T1020,HR_DC,-41478.50078742811
T1021,HR_DC,-41478.50078742811
T1022,HR_DC,-41478.50078742811
T1023,HR_DC,-41478.50078742811
T1024,HR_DC,-41478.50078742811
T1025,HR_DC,-41478.50078742811
T1026,HR_DC,-41478.50078742811
T1027,HR_DC,-41478.50078742811
T1028,HR_DC,-41478.50078742811
T1029,HR_DC,-41478.50078742811
T1030,HR_DC,-41478.50078742811
T1031,HR_DC,-41478.50078742811
T1032,HR_DC,-41478.50078742811
T1033,HR_DC,-41478.50078742811
T1034,HR_DC,-41478.50078742811
T1035,HR_DC,-41478.50078742811
T1036,HR_DC,-41478.50078742811
T1037,HR_DC,-41478.50078742811
T1038,HR_DC,-41478.50078742811
T1039,HR_DC,-41478.50078742811
T1040,HR_DC,-41478.50078742811
T1041,HR_DC,-41478.50078742811
T1042,HR_DC,-41478.50078742811
T1043,HR_DC,-41478.50078742811
T1044,HR_DC,-41478.50078742811
T1045,HR_DC,-41478.50078742811
T1046,HR_DC,-41478.50078742811
T1047,HR_DC,-41478.50078742811
T1048,HR_DC,-41478.50078742811
T1049,HR_DC,-41478.50078742811
T1050,HR_DC,-41478.50078742811
T1051,HR_DC,-41478.50078742811
T1052,HR_DC,-41478.50078742811
T1053,HR_DC,-41478.50078742811
T1054,HR_DC,-41478.50078742811
T1055,HR_DC,-41478.50078742811
T1056,HR_DC,-41478.50078742811
T1057,HR_DC,-41478.50078742811
T1058,HR_DC,-41478.50078742811
T1059,HR_DC,-41478.50078742811
T1060,HR_DC,-41478.50078742811
T1061,HR_DC,-41478.50078742811
T1062,HR_DC,-41478.50078742811
T1063,HR_DC,-41478.50078742811
T1064,HR_DC,-41478.50078742811
T1065,HR_DC,-41478.50078742811
T1066,HR_DC,-41478.50078742811
T1067,HR_DC,-41478.50078742811
T1068,HR_DC,-41478.50078742811
T1069,HR_DC,-41478.50078742811
T1070,HR_DC,-41478.50078742811
T1071,HR_DC,-41478.50078742811
T1072,HR_DC,-41478.50078742811
T1073,HR_DC,-41478.50078742811
T1074,HR_DC,-41478.50078742811
T1075,HR_DC,-41478.50078742811
T1076,HR_DC,-41478.50078742811
T1077,HR_DC,-41478.50078742811
T1078,HR_DC,-41478.50078742811
T1079,HR_DC,-41478.50078742811
T1080,HR_DC,-41478.50078742811
T1081,HR_DC,-41478.50078742811
T1082,HR_DC,-41478.50078742811
T1083,HR_DC,-41478.50078742811
T1084,HR_DC,-41478.50078742811
T1085,HR_DC,-41478.50078742811
T1086,HR_DC,-41478.50078742811
T1087,HR_DC,-41478.50078742811
T1088,HR_DC,-41478.50078742811
T1089,HR_DC,-41478.50078742811
T1090,HR_DC,-41478.50078742811
T1091,HR_DC,-41478.50078742811
T1092,HR_DC,-41478.50078742811
T1093,HR_DC,-41478.50078742811
T1094,HR_DC,-41478.50078742811
T1095,HR_DC,-41478.50078742811
T1096,HR_DC,-41478.50078742811
T1097,HR_DC,-41478.50078742811
T1098,HR_DC,-41478.50078742811
T1099,HR_DC,-41478.50078742811
T1100,HR_DC,-41478.50078742811
T1101,HR_DC,-41478.50078742811
T1102,HR_DC,-41478.50078742811
T1103,HR_DC,-41478.50078742811
T1104,HR_DC,-41478.50078742811
T1105,HR_DC,-41478.50078742811
T1106,HR_DC,-41478.50078742811
T1107,HR_DC,-41478.50078742811
T1108,HR_DC,-41478.50078742811
T1109,HR_DC,-41478.50078742811
T1110,HR_DC,-41478.50078742811
T1111,HR_DC,-41478.50078742811
T1112,HR_DC,-41478.50078742811
T1113,HR_DC,-41478.50078742811
T1114,HR_DC,-41478.50078742811
T1115,HR_DC,-41478.50078742811
T1116,HR_DC,-41478.50078742811
T1117,HR_DC,-41478.50078742811
T1118,HR_DC,-41478.50078742811
T1119,HR_DC,-41478.50078742811
T1120,HR_DC,-41478.50078742811
T1121,HR_DC,-41478.50078742811
T1122,HR_DC,-41478.50078742811
T1123,HR_DC,-41478.50078742811
T1124,HR_DC,-41478.50078742811
T1125,HR_DC,-41478.50078742811
T1126,HR_DC,-41478.50078742811
T1127,HR_DC,-41478.50078742811
T1128,HR_DC,-41478.50078742811
T1129,HR_DC,-41478.50078742811
T1130,HR_DC,-41478.50078742811
T1131,HR_DC,-41478.50078742811
T1132,HR_DC,-41478.50078742811
T1133,HR_DC,-41478.50078742811
T1134,HR_DC,-41478.50078742811
T1135,HR_DC,-41478.50078742811
T1136,HR_DC,-41478.50078742811
T1137,HR_DC,-41478.50078742811
T1138,HR_DC,-41478.50078742811
T1139,HR_DC,-41478.50078742811
T1140,HR_DC,-41478.50078742811
T1141,HR_DC,-41478.50078742811
T1142,HR_DC,-41478.50078742811
T1143,HR_DC,-41478.50078742811
T1144,HR_DC,-41478.50078742811
T1145,HR_DC,-41478.50078742811
T1146,HR_DC,-41478.50078742811
T1147,HR_DC,-41478.50078742811
T1148,HR_DC,-41478.50078742811
T1149,HR_DC,-41478.50078742811
T1150,HR_DC,-41478.50078742811
T1151,HR_DC,-41478.50078742811
T1152,HR_DC,-41478.50078742811
T1153,HR_DC,-41478.50078742811
T1154,HR_DC,-41478.50078742811
T1155,HR_DC,-41478.50078742811
T1156,HR_DC,-41478.50078742811
T1157,HR_DC,-41478.50078742811
T1158,HR_DC,-41478.50078742811
T1159,HR_DC,-41478.50078742811
T1160,HR_DC,-41478.50078742811
T1161,HR_DC,-41478.50078742811
T1162,HR_DC,-41478.50078742811
T1163,HR_DC,-41478.50078742811
T1164,HR_DC,-41478.50078742811
T1165,HR_DC,-41478.50078742811
T1166,HR_DC,-41478.50078742811
T1167,HR_DC,-41478.50078742811
T1168,HR_DC,-41478.50078742811
T1169,HR_DC,-41478.50078742811
T1170,HR_DC,-41478.50078742811
T1171,HR_DC,-41478.50078742811
T1172,HR_DC,-41478.50078742811
T1173,HR_DC,-41478.50078742811
T1174,HR_DC,-41478.50078742811
T1175,HR_DC,-41478.50078742811
T1176,HR_DC,-41478.50078742811
T1177,HR_DC,-41478.50078742811
T1178,HR_DC,-41478.50078742811
T1179,HR_DC,-41478.50078742811
T1180,HR_DC,-41478.50078742811
T1181,HR_DC,-41478.50078742811
T1182,HR_DC,-41478.50078742811
T1183,HR_DC,-41478.50078742811
T1184,HR_DC,-41478.50078742811
T1185,HR_DC,-41478.50078742811
T1186,HR_DC,-41478.50078742811
T1187,HR_DC,-41478.50078742811
T1188,HR_DC,-41478.50078742811
T1189,HR_DC,-41478.50078742811
T1190,HR_DC,-41478.50078742811
T1191,HR_DC,-41478.50078742811
T1192,HR_DC,-41478.50078742811
T1193,HR_DC,-41478.50078742811
T1194,HR_DC,-41478.50078742811
T1195,HR_DC,-41478.50078742811
T1196,HR_DC,-41478.50078742811
T1197,HR_DC,-41478.50078742811
T1198,HR_DC,-41478.50078742811
T1199,HR_DC,-41478.50078742811
T1200,HR_DC,-41478.50078742811
T1201,HR_DC,-41478.50078742811
T1202,HR_DC,-41478.50078742811
T1203,HR_DC,-41478.50078742811
T1204,HR_DC,-41478.50078742811
T1205,HR_DC,-41478.50078742811
T1206,HR_DC,-41478.50078742811
T1207,HR_DC,-41478.50078742811
T1208,HR_DC,-41478.50078742811
T1209,HR_DC,-41478.50078742811
T1210,HR_DC,-41478.50078742811
T1211,HR_DC,-41478.50078742811
T1212,HR_DC,-41478.50078742811
T1213,HR_DC,-41478.50078742811
T1214,HR_DC,-41478.50078742811
T1215,HR_DC,-41478.50078742811
T1216,HR_DC,-41478.50078742811
T1217,HR_DC,-41478.50078742811
T1218,HR_DC,-41478.50078742811
T1219,HR_DC,-41478.50078742811
T1220,HR_DC,-41478.50078742811
T1221,HR_DC,-41478.50078742811
T1222,HR_DC,-41478.50078742811
T1223,HR_DC,-41478.50078742811
T1224,HR_DC,-41478.50078742811
T1225,HR_DC,-41478.50078742811
T1226,HR_DC,-41478.50078742811
T1227,HR_DC,-41478.50078742811
T1228,HR_DC,-41478.50078742811
T1229,HR_DC,-41478.50078742811
T1230,HR_DC,-41478.50078742811
T1231,HR_DC,-41478.50078742811
T1232,HR_DC,-41478.50078742811
T1233,HR_DC,-41478.50078742811
T1234,HR_DC,-41478.50078742811
T1235,HR_DC,-41478.50078742811
T1236,HR_DC,-41478.50078742811
T1237,HR_DC,-41478.50078742811
T1238,HR_DC,-41478.50078742811
T1239,HR_DC,-41478.50078742811
T1240,HR_DC,-41478.50078742811
T1241,HR_DC,-41478.50078742811
T1242,HR_DC,-41478.50078742811
T1243,HR_DC,-41478.50078742811
T1244,HR_DC,-41478.50078742811
T1245,HR_DC,-41478.50078742811
T1246,HR_DC,-41478.50078742811
T1247,HR_DC,-41478.50078742811
T1248,HR_DC,-41478.50078742811
T1249,HR_DC,-41478.50078742811
T1250,HR_DC,-41478.50078742811
T1251,HR_DC,-41478.50078742811
T1252,HR_DC,-41478.50078742811
T1253,HR_DC,-41478.50078742811
T1254,HR_DC,-41478.50078742811
T1255,HR_DC,-41478.50078742811
T1256,HR_DC,-41478.50078742811
T1257,HR_DC,-41478.50078742811
T1258,HR_DC,-41478.50078742811
T1259,HR_DC,-41478.50078742811
T1260,HR_DC,-41478.50078742811
T1261,HR_DC,-41478.50078742811
T1262,HR_DC,-41478.50078742811
T1263,HR_DC,-41478.50078742811
T1264,HR_DC,-41478.50078742811
T1265,HR_DC,-41478.50078742811
T1266,HR_DC,-41478.50078742811
T1267,HR_DC,-41478.50078742811
T1268,HR_DC,-41478.50078742811
T1269,HR_DC,-41478.50078742811
T1270,HR_DC,-41478.50078742811
T1271,HR_DC,-41478.50078742811
T1272,HR_DC,-41478.50078742811
T1273,HR_DC,-41478.50078742811
T1274,HR_DC,-41478.50078742811
T1275,HR_DC,-41478.50078742811
T1276,HR_DC,-41478.50078742811
T1277,HR_DC,-41478.50078742811
T1278,HR_DC,-41478.50078742811
T1279,HR_DC,-41478.50078742811
T1280,HR_DC,-41478.50078742811
T1281,HR_DC,-41478.50078742811
T1282,HR_DC,-41478.50078742811
T1283,HR_DC,-41478.50078742811
T1284,HR_DC,-41478.50078742811
T1285,HR_DC,-41478.50078742811
T1286,HR_DC,-41478.50078742811
T1287,HR_DC,-41478.50078742811
T1288,HR_DC,-41478.50078742811
T1289,HR_DC,-41478.50078742811
T1290,HR_DC,-41478.50078742811
T1291,HR_DC,-41478.50078742811
T1292,HR_DC,-41478.50078742811
T1293,HR_DC,-41478.50078742811
T1294,HR_DC,-41478.50078742811
T1295,HR_DC,-41478.50078742811
T1296,HR_DC,-41478.50078742811
T1297,HR_DC,-41478.50078742811
T1298,HR_DC,-41478.50078742811
T1299,HR_DC,-41478.50078742811
T1300,HR_DC,-41478.50078742811
T1301,HR_DC,-41478.50078742811
T1302,HR_DC,-41478.50078742811
T1303,HR_DC,-41478.50078742811
T1304,HR_DC,-41478.50078742811
T1305,HR_DC,-41478.50078742811
T1306,HR_DC,-41478.50078742811
T1307,HR_DC,-41478.50078742811
T1308,HR_DC,-41478.50078742811
T1309,HR_DC,-41478.50078742811
T1310,HR_DC,-41478.50078742811
T1311,HR_DC,-41478.50078742811
T1312,HR_DC,-41478.50078742811
T1313,HR_DC,-41478.50078742811
T1314,HR_DC,-41478.50078742811
T1315,HR_DC,-41478.50078742811
T1316,HR_DC,-41478.50078742811
T1317,HR_DC,-41478.50078742811
T1318,HR_DC,-41478.50078742811
T1319,HR_DC,-41478.50078742811
T1320,HR_DC,-41478.50078742811
T1321,HR_DC,-41478.50078742811
T1322,HR_DC,-41478.50078742811
T1323,HR_DC,-41478.50078742811
T1324,HR_DC,-41478.50078742811
T1325,HR_DC,-41478.50078742811
T1326,HR_DC,-41478.50078742811
T1327,HR_DC,-41478.50078742811
T1328,HR_DC,-41478.50078742811
T1329,HR_DC,-41478.50078742811
T1330,HR_DC,-41478.50078742811
T1331,HR_DC,-41478.50078742811
T1332,HR_DC,-41478.50078742811
T1333,HR_DC,-41478.50078742811
T1334,HR_DC,-41478.50078742811
T1335,HR_DC,-41478.50078742811
T1336,HR_DC,-41478.50078742811
T1337,HR_DC,-41478.50078742811
T1338,HR_DC,-41478.50078742811
T1339,HR_DC,-41478.50078742811
T1340,HR_DC,-41478.50078742811
T1341,HR_DC,-41478.50078742811
T1342,HR_DC,-41478.50078742811
T1343,HR_DC,-41478.50078742811
T1344,HR_DC,-41478.50078742811
T1345,HR_DC,-41478.50078742811
T1346,HR_DC,-41478.50078742811
T1347,HR_DC,-41478.50078742811
T1348,HR_DC,-41478.50078742811
T1349,HR_DC,-41478.50078742811
T1350,HR_DC,-41478.50078742811
T1351,HR_DC,-41478.50078742811
T1352,HR_DC,-41478.50078742811
T1353,HR_DC,-41478.50078742811
T1354,HR_DC,-41478.50078742811
T1355,HR_DC,-41478.50078742811
T1356,HR_DC,-41478.50078742811
T1357,HR_DC,-41478.50078742811
T1358,HR_DC,-41478.50078742811
T1359,HR_DC,-41478.50078742811
T1360,HR_DC,-41478.50078742811
T1361,HR_DC,-41478.50078742811
T1362,HR_DC,-41478.50078742811
T1363,HR_DC,-41478.50078742811
T1364,HR_DC,-41478.50078742811
T1365,HR_DC,-41478.50078742811
T1366,HR_DC,-41478.50078742811
T1367,HR_DC,-41478.50078742811
T1368,HR_DC,-41478.50078742811
T1369,HR_DC,-41478.50078742811
T1370,HR_DC,-41478.50078742811
T1371,HR_DC,-41478.50078742811
T1372,HR_DC,-41478.50078742811
T1373,HR_DC,-41478.50078742811
T1374,HR_DC,-41478.50078742811
T1375,HR_DC,-41478.50078742811
T1376,HR_DC,-41478.50078742811
T1377,HR_DC,-41478.50078742811
T1378,HR_DC,-41478.50078742811
T1379,HR_DC,-41478.50078742811
T1380,HR_DC,-41478.50078742811
T1381,HR_DC,-41478.50078742811
T1382,HR_DC,-41478.50078742811
T1383,HR_DC,-41478.50078742811
T1384,HR_DC,-41478.50078742811
T1385,HR_DC,-41478.50078742811
T1386,HR_DC,-41478.50078742811
T1387,HR_DC,-41478.50078742811
T1388,HR_DC,-41478.50078742811
T1389,HR_DC,-41478.50078742811
T1390,HR_DC,-41478.50078742811
T1391,HR_DC,-41478.50078742811
T1392,HR_DC,-41478.50078742811
T1393,HR_DC,-41478.50078742811
T1394,HR_DC,-41478.50078742811
T1395,HR_DC,-41478.50078742811
T1396,HR_DC,-41478.50078742811
T1397,HR_DC,-41478.50078742811
T1398,HR_DC,-41478.50078742811
T1399,HR_DC,-41478.50078742811
T1400,HR_DC,-41478.50078742811
T1401,HR_DC,-41478.50078742811
T1402,HR_DC,-41478.50078742811
T1403,HR_DC,-41478.50078742811
T1404,HR_DC,-41478.50078742811
T1405,HR_DC,-41478.50078742811
T1406,HR_DC,-41478.50078742811
T1407,HR_DC,-41478.50078742811
T1408,HR_DC,-41478.50078742811
T1409,HR_DC,-41478.50078742811
T1410,HR_DC,-41478.50078742811
T1411,HR_DC,-41478.50078742811
T1412,HR_DC,-41478.50078742811
T1413,HR_DC,-41478.50078742811
T1414,HR_DC,-41478.50078742811
T1415,HR_DC,-41478.50078742811
T1416,HR_DC,-41478.50078742811
T1417,HR_DC,-41478.50078742811
T1418,HR_DC,-41478.50078742811
T1419,HR_DC,-41478.50078742811
T1420,HR_DC,-41478.50078742811
T1421,HR_DC,-41478.50078742811
T1422,HR_DC,-41478.50078742811
T1423,HR_DC,-41478.50078742811
T1424,HR_DC,-41478.50078742811
T1425,HR_DC,-41478.50078742811
T1426,HR_DC,-41478.50078742811
T1427,HR_DC,-41478.50078742811
T1428,HR_DC,-41478.50078742811
T1429,HR_DC,-41478.50078742811
T1430,HR_DC,-41478.50078742811
T1431,HR_DC,-41478.50078742811
T1432,HR_DC,-41478.50078742811
T1433,HR_DC,-41478.50078742811
T1434,HR_DC,-41478.50078742811
T1435,HR_DC,-41478.50078742811
T1436,HR_DC,-41478.50078742811
T1437,HR_DC,-41478.50078742811
T1438,HR_DC,-41478.50078742811
T1439,HR_DC,-41478.50078742811
T1440,HR_DC,-41478.50078742811
T1441,HR_DC,-41478.50078742811
T1442,HR_DC,-41478.50078742811
T1443,HR_DC,-41478.50078742811
T1444,HR_DC,-41478.50078742811
T1445,HR_DC,-41478.50078742811
T1446,HR_DC,-41478.50078742811
T1447,HR_DC,-41478.50078742811
T1448,HR_DC,-41478.50078742811
T1449,HR_DC,-41478.50078742811
T1450,HR_DC,-41478.50078742811
T1451,HR_DC,-41478.50078742811
T1452,HR_DC,-41478.50078742811
T1453,HR_DC,-41478.50078742811
T1454,HR_DC,-41478.50078742811
T1455,HR_DC,-41478.50078742811
T1456,HR_DC,-41478.50078742811
T1457,HR_DC,-41478.50078742811
T1458,HR_DC,-41478.50078742811
T1459,HR_DC,-41478.50078742811
T1460,HR_DC,-41478.50078742811
T1461,HR_DC,-41473.6056014685
T1462,HR_DC,-41473.6056014685
T1463,HR_DC,-41473.6056014685
T1464,HR_DC,-41473.6056014685
T1465,HR_DC,-41473.6056014685
T1466,HR_DC,-41473.6056014685
T1467,HR_DC,-41473.6056014685
T1468,HR_DC,-41473.6056014685
T1469,HR_DC,-41473.6056014685
T1470,HR_DC,-41473.6056014685
T1471,HR_DC,-41473.6056014685
T1472,HR_DC,-41473.6056014685
T1473,HR_DC,-41473.6056014685
T1474,HR_DC,-41473.6056014685
T1475,HR_DC,-41473.6056014685
T1476,HR_DC,-41473.6056014685
T1477,HR_DC,-41473.6056014685
T1478,HR_DC,-41473.6056014685
T1479,HR_DC,-41473.6056014685
T1480,HR_DC,-41473.6056014685
T1481,HR_DC,-41473.6056014685
T1482,HR_DC,-41473.6056014685
T1483,HR_DC,-41473.6056014685
T1484,HR_DC,-41473.6056014685
T1485,HR_DC,-41473.6056014685
T1486,HR_DC,-41473.6056014685
T1487,HR_DC,-41473.6056014685
T1488,HR_DC,-41473.6056014685
T1489,HR_DC,-41473.6056014685
T1490,HR_DC,-41473.6056014685
T1491,HR_DC,-41473.6056014685
T1492,HR_DC,-41473.6056014685
T1493,HR_DC,-41473.6056014685
T1494,HR_DC,-41473.6056014685
T1495,HR_DC,-41473.6056014685
T1496,HR_DC,-41473.6056014685
T1497,HR_DC,-41473.6056014685
T1498,HR_DC,-41473.6056014685
T1499,HR_DC,-41473.6056014685
T1500,HR_DC,-41473.6056014685
T1501,HR_DC,-41473.6056014685
T1502,HR_DC,-41473.6056014685
T1503,HR_DC,-41473.6056014685
T1504,HR_DC,-41473.6056014685
T1505,HR_DC,-41473.6056014685
T1506,HR_DC,-41473.6056014685
T1507,HR_DC,-41473.6056014685
T1508,HR_DC,-41473.6056014685
T1509,HR_DC,-41473.6056014685
T1510,HR_DC,-41473.6056014685
T1511,HR_DC,-41473.6056014685
T1512,HR_DC,-41473.6056014685
T1513,HR_DC,-41473.6056014685
T1514,HR_DC,-41473.6056014685
T1515,HR_DC,-41473.6056014685
T1516,HR_DC,-41473.6056014685
T1517,HR_DC,-41473.6056014685
T1518,HR_DC,-41473.6056014685
T1519,HR_DC,-41473.6056014685
T1520,HR_DC,-41473.6056014685
T1521,HR_DC,-41473.6056014685
T1522,HR_DC,-41473.6056014685
T1523,HR_DC,-41473.6056014685
T1524,HR_DC,-41473.6056014685
T1525,HR_DC,-41473.6056014685
T1526,HR_DC,-41473.6056014685
T1527,HR_DC,-41473.6056014685
T1528,HR_DC,-41473.6056014685
T1529,HR_DC,-41473.6056014685
T1530,HR_DC,-41473.6056014685
T1531,HR_DC,-41473.6056014685
T1532,HR_DC,-41473.6056014685
T1533,HR_DC,-41473.6056014685
T1534,HR_DC,-41473.6056014685
T1535,HR_DC,-41473.6056014685
T1536,HR_DC,-41473.6056014685
T1537,HR_DC,-41473.6056014685
T1538,HR_DC,-41473.6056014685
T1539,HR_DC,-41473.6056014685
T1540,HR_DC,-41473.6056014685
T1541,HR_DC,-41473.6056014685
T1542,HR_DC,-41473.6056014685
T1543,HR_DC,-41473.6056014685
T1544,HR_DC,-41473.6056014685
T1545,HR_DC,-41473.6056014685
T1546,HR_DC,-41473.6056014685
T1547,HR_DC,-41473.6056014685
T1548,HR_DC,-41473.6056014685
T1549,HR_DC,-41473.6056014685
T1550,HR_DC,-41473.6056014685
T1551,HR_DC,-41473.6056014685
T1552,HR_DC,-41473.6056014685
T1553,HR_DC,-41473.6056014685
T1554,HR_DC,-41473.6056014685
T1555,HR_DC,-41473.6056014685
T1556,HR_DC,-41473.6056014685
T1557,HR_DC,-41473.6056014685
T1558,HR_DC,-41473.6056014685
T1559,HR_DC,-41473.6056014685
T1560,HR_DC,-41473.6056014685
T1561,HR_DC,-41473.6056014685
T1562,HR_DC,-41473.6056014685
T1563,HR_DC,-41473.6056014685
T1564,HR_DC,-41473.6056014685
T1565,HR_DC,-41473.6056014685
T1566,HR_DC,-41473.6056014685
T1567,HR_DC,-41473.6056014685
T1568,HR_DC,-41473.6056014685
T1569,HR_DC,-41473.6056014685
T1570,HR_DC,-41473.6056014685
T1571,HR_DC,-41473.6056014685
T1572,HR_DC,-41473.6056014685
T1573,HR_DC,-41473.6056014685
T1574,HR_DC,-41473.6056014685
T1575,HR_DC,-41473.6056014685
T1576,HR_DC,-41473.6056014685
T1577,HR_DC,-41473.6056014685
T1578,HR_DC,-41473.6056014685
T1579,HR_DC,-41473.6056014685
T1580,HR_DC,-41473.6056014685
T1581,HR_DC,-41473.6056014685
T1582,HR_DC,-41473.6056014685
T1583,HR_DC,-41473.6056014685
T1584,HR_DC,-41473.6056014685
T1585,HR_DC,-41473.6056014685
T1586,HR_DC,-41473.6056014685
T1587,HR_DC,-41473.6056014685
T1588,HR_DC,-41473.6056014685
T1589,HR_DC,-41473.6056014685
T1590,HR_DC,-41473.6056014685
T1591,HR_DC,-41473.6056014685
T1592,HR_DC,-41473.6056014685
T1593,HR_DC,-41473.6056014685
T1594,HR_DC,-41473.6056014685
T1595,HR_DC,-41473.6056014685
T1596,HR_DC,-41473.6056014685
T1597,HR_DC,-41473.6056014685
T1598,HR_DC,-41473.6056014685
T1599,HR_DC,-41473.6056014685
T1600,HR_DC,-41473.6056014685
T1601,HR_DC,-41473.6056014685
T1602,HR_DC,-41473.6056014685
T1603,HR_DC,-41473.6056014685
T1604,HR_DC,-41473.6056014685
T1605,HR_DC,-41473.6056014685
T1606,HR_DC,-41473.6056014685
T1607,HR_DC,-41473.6056014685
T1608,HR_DC,-41473.6056014685
T1609,HR_DC,-41473.6056014685
T1610,HR_DC,-41473.6056014685
T1611,HR_DC,-41473.6056014685
T1612,HR_DC,-41473.6056014685
T1613,HR_DC,-41473.6056014685
T1614,HR_DC,-41473.6056014685
T1615,HR_DC,-41473.6056014685
T1616,HR_DC,-41473.6056014685
T1617,HR_DC,-41473.6056014685
T1618,HR_DC,-41473.6056014685
T1619,HR_DC,-41473.6056014685
T1620,HR_DC,-41473.6056014685
T1621,HR_DC,-41473.6056014685
T1622,HR_DC,-41473.6056014685
T1623,HR_DC,-41473.6056014685
T1624,HR_DC,-41473.6056014685
T1625,HR_DC,-41473.6056014685
T1626,HR_DC,-41473.6056014685
T1627,HR_DC,-41473.6056014685
T1628,HR_DC,-41473.6056014685
T1629,HR_DC,-41473.6056014685
T1630,HR_DC,-41473.6056014685
T1631,HR_DC,-41473.6056014685
T1632,HR_DC,-41473.6056014685
T1633,HR_DC,-41473.6056014685
T1634,HR_DC,-41473.6056014685
T1635,HR_DC,-41473.6056014685
T1636,HR_DC,-41473.6056014685
T1637,HR_DC,-41473.6056014685
T1638,HR_DC,-41473.6056014685
T1639,HR_DC,-41473.6056014685
T1640,HR_DC,-41473.6056014685
T1641,HR_DC,-41473.6056014685
T1642,HR_DC,-41473.6056014685
T1643,HR_DC,-41473.6056014685
T1644,HR_DC,-41473.6056014685
T1645,HR_DC,-41473.6056014685
T1646,HR_DC,-41473.6056014685
T1647,HR_DC,-41473.6056014685
T1648,HR_DC,-41473.6056014685
T1649,HR_DC,-41473.6056014685
T1650,HR_DC,-41473.6056014685
T1651,HR_DC,-41473.6056014685
T1652,HR_DC,-41473.6056014685
T1653,HR_DC,-41473.6056014685
T1654,HR_DC,-41473.6056014685
T1655,HR_DC,-41473.6056014685
T1656,HR_DC,-41473.6056014685
T1657,HR_DC,-41473.6056014685
T1658,HR_DC,-41473.6056014685
T1659,HR_DC,-41473.6056014685
T1660,HR_DC,-41473.6056014685
T1661,HR_DC,-41473.6056014685
T1662,HR_DC,-41473.6056014685
T1663,HR_DC,-41473.6056014685
T1664,HR_DC,-41473.6056014685
T1665,HR_DC,-41473.6056014685
T1666,HR_DC,-41473.6056014685
T1667,HR_DC,-41473.6056014685
T1668,HR_DC,-41473.6056014685
T1669,HR_DC,-41473.6056014685
T1670,HR_DC,-41473.6056014685
T1671,HR_DC,-41473.6056014685
T1672,HR_DC,-41473.6056014685
T1673,HR_DC,-41473.6056014685
T1674,HR_DC,-41473.6056014685
T1675,HR_DC,-41473.6056014685
T1676,HR_DC,-41473.6056014685
T1677,HR_DC,-41473.6056014685
T1678,HR_DC,-41473.6056014685
T1679,HR_DC,-41473.6056014685
T1680,HR_DC,-41473.6056014685
T1681,HR_DC,-41473.6056014685
T1682,HR_DC,-41473.6056014685
T1683,HR_DC,-41473.6056014685
T1684,HR_DC,-41473.6056014685
T1685,HR_DC,-41473.6056014685
T1686,HR_DC,-41473.6056014685
T1687,HR_DC,-41473.6056014685
T1688,HR_DC,-41473.6056014685
T1689,HR_DC,-41473.6056014685
T1690,HR_DC,-41473.6056014685
T1691,HR_DC,-41473.6056014685
T1692,HR_DC,-41473.6056014685
T1693,HR_DC,-41473.6056014685
T1694,HR_DC,-41473.6056014685
T1695,HR_DC,-41473.6056014685
T1696,HR_DC,-41473.6056014685
T1697,HR_DC,-41473.6056014685
T1698,HR_DC,-41473.6056014685
T1699,HR_DC,-41473.6056014685
T1700,HR_DC,-41473.6056014685
T1701,HR_DC,-41473.6056014685
T1702,HR_DC,-41473.6056014685
T1703,HR_DC,-41473.6056014685
T1704,HR_DC,-41473.6056014685
T1705,HR_DC,-41473.6056014685
T1706,HR_DC,-41473.6056014685
T1707,HR_DC,-41473.6056014685
T1708,HR_DC,-41473.6056014685
T1709,HR_DC,-41473.6056014685
T1710,HR_DC,-41473.6056014685
T1711,HR_DC,-41473.6056014685
T1712,HR_DC,-41473.6056014685
T1713,HR_DC,-41473.6056014685
T1714,HR_DC,-41473.6056014685
T1715,HR_DC,-41473.6056014685
T1716,HR_DC,-41473.6056014685
T1717,HR_DC,-41473.6056014685
T1718,HR_DC,-41473.6056014685
T1719,HR_DC,-41473.6056014685
T1720,HR_DC,-41473.6056014685
T1721,HR_DC,-41473.6056014685
T1722,HR_DC,-41473.6056014685
T1723,HR_DC,-41473.6056014685
T1724,HR_DC,-41473.6056014685
T1725,HR_DC,-41473.6056014685
T1726,HR_DC,-41473.6056014685
T1727,HR_DC,-41473.6056014685
T1728,HR_DC,-41473.6056014685
T1729,HR_DC,-41473.6056014685
T1730,HR_DC,-41473.6056014685
T1731,HR_DC,-41473.6056014685
T1732,HR_DC,-41473.6056014685
T1733,HR_DC,-41473.6056014685
T1734,HR_DC,-41473.6056014685
T1735,HR_DC,-41473.6056014685
T1736,HR_DC,-41473.6056014685
T1737,HR_DC,-41473.6056014685
T1738,HR_DC,-41473.6056014685
T1739,HR_DC,-41473.6056014685
T1740,HR_DC,-41473.6056014685
T1741,HR_DC,-41473.6056014685
T1742,HR_DC,-41473.6056014685
T1743,HR_DC,-41473.6056014685
T1744,HR_DC,-41473.6056014685
T1745,HR_DC,-41473.6056014685
T1746,HR_DC,-41473.6056014685
T1747,HR_DC,-41473.6056014685
T1748,HR_DC,-41473.6056014685
T1749,HR_DC,-41473.6056014685
T1750,HR_DC,-41473.6056014685
T1751,HR_DC,-41473.6056014685
T1752,HR_DC,-41473.6056014685
T1753,HR_DC,-41473.6056014685
T1754,HR_DC,-41473.6056014685
T1755,HR_DC,-41473.6056014685
T1756,HR_DC,-41473.6056014685
T1757,HR_DC,-41473.6056014685
T1758,HR_DC,-41473.6056014685
T1759,HR_DC,-41473.6056014685
T1760,HR_DC,-41473.6056014685
T1761,HR_DC,-41473.6056014685
T1762,HR_DC,-41473.6056014685
T1763,HR_DC,-41473.6056014685
T1764,HR_DC,-41473.6056014685
T1765,HR_DC,-41473.6056014685
T1766,HR_DC,-41473.6056014685
T1767,HR_DC,-41473.6056014685
T1768,HR_DC,-41473.6056014685
T1769,HR_DC,-41473.6056014685
T1770,HR_DC,-41473.6056014685
T1771,HR_DC,-41473.6056014685
T1772,HR_DC,-41473.6056014685
T1773,HR_DC,-41473.6056014685
T1774,HR_DC,-41473.6056014685
T1775,HR_DC,-41473.6056014685
T1776,HR_DC,-41473.6056014685
T1777,HR_DC,-41473.6056014685
T1778,HR_DC,-41473.6056014685
T1779,HR_DC,-41473.6056014685
T1780,HR_DC,-41473.6056014685
T1781,HR_DC,-41473.6056014685
T1782,HR_DC,-41473.6056014685
T1783,HR_DC,-41473.6056014685
T1784,HR_DC,-41473.6056014685
T1785,HR_DC,-41473.6056014685
T1786,HR_DC,-41473.6056014685
T1787,HR_DC,-41473.6056014685
T1788,HR_DC,-41473.6056014685
T1789,HR_DC,-41473.6056014685
T1790,HR_DC,-41473.6056014685
T1791,HR_DC,-41473.6056014685
T1792,HR_DC,-41473.6056014685
T1793,HR_DC,-41473.6056014685
T1794,HR_DC,-41473.6056014685
T1795,HR_DC,-41473.6056014685
T1796,HR_DC,-41473.6056014685
T1797,HR_DC,-41473.6056014685
T1798,HR_DC,-41473.6056014685
T1799,HR_DC,-41473.6056014685
T1800,HR_DC,-41473.6056014685
T1801,HR_DC,-41473.6056014685
T1802,HR_DC,-41473.6056014685
T1803,HR_DC,-41473.6056014685
T1804,HR_DC,-41473.6056014685
T1805,HR_DC,-41473.6056014685
T1806,HR_DC,-41473.6056014685
T1807,HR_DC,-41473.6056014685
T1808,HR_DC,-41473.6056014685
T1809,HR_DC,-41473.6056014685
T1810,HR_DC,-41473.6056014685
T1811,HR_DC,-41473.6056014685
T1812,HR_DC,-41473.6056014685
T1813,HR_DC,-41473.6056014685
T1814,HR_DC,-41473.6056014685
T1815,HR_DC,-41473.6056014685
T1816,HR_DC,-41473.6056014685
T1817,HR_DC,-41473.6056014685
T1818,HR_DC,-41473.6056014685
T1819,HR_DC,-41473.6056014685
T1820,HR_DC,-41473.6056014685
T1821,HR_DC,-41473.6056014685
T1822,HR_DC,-41473.6056014685
T1823,HR_DC,-41473.6056014685
T1824,HR_DC,-41473.6056014685
T1825,HR_DC,-41473.6056014685
T1826,HR_DC,-41473.6056014685
T1827,HR_DC,-41473.6056014685
T1828,HR_DC,-41473.6056014685
T1829,HR_DC,-41473.6056014685
T1830,HR_DC,-41473.6056014685
T1831,HR_DC,-41473.6056014685
T1832,HR_DC,-41473.6056014685
T1833,HR_DC,-41473.6056014685
T1834,HR_DC,-41473.6056014685
T1835,HR_DC,-41473.6056014685
T1836,HR_DC,-41473.6056014685
T1837,HR_DC,-41473.6056014685
T1838,HR_DC,-41473.6056014685
T1839,HR_DC,-41473.6056014685
T1840,HR_DC,-41473.6056014685
T1841,HR_DC,-41473.6056014685
T1842,HR_DC,-41473.6056014685
T1843,HR_DC,-41473.6056014685
T1844,HR_DC,-41473.6056014685
T1845,HR_DC,-41473.6056014685
T1846,HR_DC,-41473.6056014685
T1847,HR_DC,-41473.6056014685
T1848,HR_DC,-41473.6056014685
T1849,HR_DC,-41473.6056014685
T1850,HR_DC,-41473.6056014685
T1851,HR_DC,-41473.6056014685
T1852,HR_DC,-41473.6056014685
T1853,HR_DC,-41473.6056014685
T1854,HR_DC,-41473.6056014685
T1855,HR_DC,-41473.6056014685
T1856,HR_DC,-41473.6056014685
T1857,HR_DC,-41473.6056014685
T1858,HR_DC,-41473.6056014685
T1859,HR_DC,-41473.6056014685
T1860,HR_DC,-41473.6056014685
T1861,HR_DC,-41473.6056014685
T1862,HR_DC,-41473.6056014685
T1863,HR_DC,-41473.6056014685
T1864,HR_DC,-41473.6056014685
T1865,HR_DC,-41473.6056014685
T1866,HR_DC,-41473.6056014685
T1867,HR_DC,-41473.6056014685
T1868,HR_DC,-41473.6056014685
T1869,HR_DC,-41473.6056014685
T1870,HR_DC,-41473.6056014685
T1871,HR_DC,-41473.6056014685
T1872,HR_DC,-41473.6056014685
T1873,HR_DC,-41473.6056014685
T1874,HR_DC,-41473.6056014685
T1875,HR_DC,-41473.6056014685
T1876,HR_DC,-41473.6056014685
T1877,HR_DC,-41473.6056014685
T1878,HR_DC,-41473.6056014685
T1879,HR_DC,-41473.6056014685
T1880,HR_DC,-41473.6056014685
T1881,HR_DC,-41473.6056014685
T1882,HR_DC,-41473.6056014685
T1883,HR_DC,-41473.6056014685
T1884,HR_DC,-41473.6056014685
T1885,HR_DC,-41473.6056014685
T1886,HR_DC,-41473.6056014685
T1887,HR_DC,-41473.6056014685
T1888,HR_DC,-41473.6056014685
T1889,HR_DC,-41473.6056014685
T1890,HR_DC,-41473.6056014685
T1891,HR_DC,-41473.6056014685
T1892,HR_DC,-41473.6056014685
T1893,HR_DC,-41473.6056014685
T1894,HR_DC,-41473.6056014685
T1895,HR_DC,-41473.6056014685
T1896,HR_DC,-41473.6056014685
T1897,HR_DC,-41473.6056014685
T1898,HR_DC,-41473.6056014685
T1899,HR_DC,-41473.6056014685
T1900,HR_DC,-41473.6056014685
T1901,HR_DC,-41473.6056014685
T1902,HR_DC,-41473.6056014685
T1903,HR_DC,-41473.6056014685
T1904,HR_DC,-41473.6056014685
T1905,HR_DC,-41473.6056014685
T1906,HR_DC,-41473.6056014685
T1907,HR_DC,-41473.6056014685
T1908,HR_DC,-41473.6056014685
T1909,HR_DC,-41473.6056014685
T1910,HR_DC,-41473.6056014685
T1911,HR_DC,-41473.6056014685
T1912,HR_DC,-41473.6056014685
T1913,HR_DC,-41473.6056014685
T1914,HR_DC,-41473.6056014685
T1915,HR_DC,-41473.6056014685
T1916,HR_DC,-41473.6056014685
T1917,HR_DC,-41473.6056014685
T1918,HR_DC,-41473.6056014685
T1919,HR_DC,-41473.6056014685
T1920,HR_DC,-41473.6056014685
T1921,HR_DC,-41473.6056014685
T1922,HR_DC,-41473.6056014685
T1923,HR_DC,-41473.6056014685
T1924,HR_DC,-41473.6056014685
T1925,HR_DC,-41473.6056014685
T1926,HR_DC,-41473.6056014685
T1927,HR_DC,-41473.6056014685
T1928,HR_DC,-41473.6056014685
T1929,HR_DC,-41473.6056014685
T1930,HR_DC,-41473.6056014685
T1931,HR_DC,-41473.6056014685
T1932,HR_DC,-41473.6056014685
T1933,HR_DC,-41473.6056014685
T1934,HR_DC,-41473.6056014685
T1935,HR_DC,-41473.6056014685
T1936,HR_DC,-41473.6056014685
T1937,HR_DC,-41473.6056014685
T1938,HR_DC,-41473.6056014685
T1939,HR_DC,-41473.6056014685
T1940,HR_DC,-41473.6056014685
T1941,HR_DC,-41473.6056014685
T1942,HR_DC,-41473.6056014685
T1943,HR_DC,-41473.6056014685
T1944,HR_DC,-41473.6056014685
T1945,HR_DC,-41473.6056014685
T1946,HR_DC,-41473.6056014685
T1947,HR_DC,-41473.6056014685
T1948,HR_DC,-41473.6056014685
T1949,HR_DC,-41473.6056014685
T1950,HR_DC,-41473.6056014685
T1951,HR_DC,-41473.6056014685
T1952,HR_DC,-41473.6056014685
T1953,HR_DC,-41473.6056014685
T1954,HR_DC,-41473.6056014685
T1955,HR_DC,-41473.6056014685
T1956,HR_DC,-41473.6056014685
T1957,HR_DC,-41473.6056014685
T1958,HR_DC,-41473.6056014685
T1959,HR_DC,-41473.6056014685
T1960,HR_DC,-41473.6056014685
T1961,HR_DC,-41473.6056014685
T1962,HR_DC,-41473.6056014685
T1963,HR_DC,-41473.6056014685
T1964,HR_DC,-41473.6056014685
T1965,HR_DC,-41473.6056014685
T1966,HR_DC,-41473.6056014685
T1967,HR_DC,-41473.6056014685
T1968,HR_DC,-41473.6056014685
T1969,HR_DC,-41473.6056014685
T1970,HR_DC,-41473.6056014685
T1971,HR_DC,-41473.6056014685
T1972,HR_DC,-41473.6056014685
T1973,HR_DC,-41473.6056014685
T1974,HR_DC,-41473.6056014685
T1975,HR_DC,-41473.6056014685
T1976,HR_DC,-41473.6056014685
T1977,HR_DC,-41473.6056014685
T1978,HR_DC,-41473.6056014685
T1979,HR_DC,-41473.6056014685
T1980,HR_DC,-41473.6056014685
T1981,HR_DC,-41473.6056014685
T1982,HR_DC,-41473.6056014685
T1983,HR_DC,-41473.6056014685
T1984,HR_DC,-41473.6056014685
T1985,HR_DC,-41473.6056014685
T1986,HR_DC,-41473.6056014685
T1987,HR_DC,-41473.6056014685
T1988,HR_DC,-41473.6056014685
T1989,HR_DC,-41473.6056014685
T1990,HR_DC,-41473.6056014685
T1991,HR_DC,-41473.6056014685
T1992,HR_DC,-41473.6056014685
T1993,HR_DC,-41473.6056014685
T1994,HR_DC,-41473.6056014685
T1995,HR_DC,-41473.6056014685
T1996,HR_DC,-41473.6056014685
T1997,HR_DC,-41473.6056014685
T1998,HR_DC,-41473.6056014685
T1999,HR_DC,-41473.6056014685
T2000,HR_DC,-41473.6056014685
T2001,HR_DC,-41473.6056014685
T2002,HR_DC,-41473.6056014685
T2003,HR_DC,-41473.6056014685
T2004,HR_DC,-41473.6056014685
T2005,HR_DC,-41473.6056014685
T2006,HR_DC,-41473.6056014685
T2007,HR_DC,-41473.6056014685
T2008,HR_DC,-41473.6056014685
T2009,HR_DC,-41473.6056014685
T2010,HR_DC,-41473.6056014685
T2011,HR_DC,-41473.6056014685
T2012,HR_DC,-41473.6056014685
T2013,HR_DC,-41473.6056014685
T2014,HR_DC,-41473.6056014685
T2015,HR_DC,-41473.6056014685
T2016,HR_DC,-41473.6056014685
T2017,HR_DC,-41473.6056014685
T2018,HR_DC,-41473.6056014685
T2019,HR_DC,-41473.6056014685
T2020,HR_DC,-41473.6056014685
T2021,HR_DC,-41473.6056014685
T2022,HR_DC,-41473.6056014685
T2023,HR_DC,-41473.6056014685
T2024,HR_DC,-41473.6056014685
T2025,HR_DC,-41473.6056014685
T2026,HR_DC,-41473.6056014685
T2027,HR_DC,-41473.6056014685
T2028,HR_DC,-41473.6056014685
T2029,HR_DC,-41473.6056014685
T2030,HR_DC,-41473.6056014685
T2031,HR_DC,-41473.6056014685
T2032,HR_DC,-41473.6056014685
T2033,HR_DC,-41473.6056014685
T2034,HR_DC,-41473.6056014685
T2035,HR_DC,-41473.6056014685
T2036,HR_DC,-41473.6056014685
T2037,HR_DC,-41473.6056014685
T2038,HR_DC,-41473.6056014685
T2039,HR_DC,-41473.6056014685
T2040,HR_DC,-41473.6056014685
T2041,HR_DC,-41473.6056014685
T2042,HR_DC,-41473.6056014685
T2043,HR_DC,-41473.6056014685
T2044,HR_DC,-41473.6056014685
T2045,HR_DC,-41473.6056014685
T2046,HR_DC,-41473.6056014685
T2047,HR_DC,-41473.6056014685
T2048,HR_DC,-41473.6056014685
T2049,HR_DC,-41473.6056014685
T2050,HR_DC,-41473.6056014685
T2051,HR_DC,-41473.6056014685
T2052,HR_DC,-41473.6056014685
T2053,HR_DC,-41473.6056014685
T2054,HR_DC,-41473.6056014685
T2055,HR_DC,-41473.6056014685
T2056,HR_DC,-41473.6056014685
T2057,HR_DC,-41473.6056014685
T2058,HR_DC,-41473.6056014685
T2059,HR_DC,-41473.6056014685
T2060,HR_DC,-41473.6056014685
T2061,HR_DC,-41473.6056014685
T2062,HR_DC,-41473.6056014685
T2063,HR_DC,-41473.6056014685
T2064,HR_DC,-41473.6056014685
T2065,HR_DC,-41473.6056014685
T2066,HR_DC,-41473.6056014685
T2067,HR_DC,-41473.6056014685
T2068,HR_DC,-41473.6056014685
T2069,HR_DC,-41473.6056014685
T2070,HR_DC,-41473.6056014685
T2071,HR_DC,-41473.6056014685
T2072,HR_DC,-41473.6056014685
T2073,HR_DC,-41473.6056014685
T2074,HR_DC,-41473.6056014685
T2075,HR_DC,-41473.6056014685
T2076,HR_DC,-41473.6056014685
T2077,HR_DC,-41473.6056014685
T2078,HR_DC,-41473.6056014685
T2079,HR_DC,-41473.6056014685
T2080,HR_DC,-41473.6056014685
T2081,HR_DC,-41473.6056014685
T2082,HR_DC,-41473.6056014685
T2083,HR_DC,-41473.6056014685
T2084,HR_DC,-41473.6056014685
T2085,HR_DC,-41473.6056014685
T2086,HR_DC,-41473.6056014685
T2087,HR_DC,-41473.6056014685
T2088,HR_DC,-41473.6056014685
T2089,HR_DC,-41473.6056014685
T2090,HR_DC,-41473.6056014685
T2091,HR_DC,-41473.6056014685
T2092,HR_DC,-41473.6056014685
T2093,HR_DC,-41473.6056014685
T2094,HR_DC,-41473.6056014685
T2095,HR_DC,-41473.6056014685
T2096,HR_DC,-41473.6056014685
T2097,HR_DC,-41473.6056014685
T2098,HR_DC,-41473.6056014685
T2099,HR_DC,-41473.6056014685
T2100,HR_DC,-41473.6056014685
T2101,HR_DC,-41473.6056014685
T2102,HR_DC,-41473.6056014685
T2103,HR_DC,-41473.6056014685
T2104,HR_DC,-41473.6056014685
T2105,HR_DC,-41473.6056014685
T2106,HR_DC,-41473.6056014685
T2107,HR_DC,-41473.6056014685
T2108,HR_DC,-41473.6056014685
T2109,HR_DC,-41473.6056014685
T2110,HR_DC,-41473.6056014685
T2111,HR_DC,-41473.6056014685
T2112,HR_DC,-41473.6056014685
T2113,HR_DC,-41473.6056014685
T2114,HR_DC,-41473.6056014685
T2115,HR_DC,-41473.6056014685
T2116,HR_DC,-41473.6056014685
T2117,HR_DC,-41473.6056014685
T2118,HR_DC,-41473.6056014685
T2119,HR_DC,-41473.6056014685
T2120,HR_DC,-41473.6056014685
T2121,HR_DC,-41473.6056014685
T2122,HR_DC,-41473.6056014685
T2123,HR_DC,-41473.6056014685
T2124,HR_DC,-41473.6056014685
T2125,HR_DC,-41473.6056014685
T2126,HR_DC,-41473.6056014685
T2127,HR_DC,-41473.6056014685
T2128,HR_DC,-41473.6056014685
T2129,HR_DC,-41473.6056014685
T2130,HR_DC,-41473.6056014685
T2131,HR_DC,-41473.6056014685
T2132,HR_DC,-41473.6056014685
T2133,HR_DC,-41473.6056014685
T2134,HR_DC,-41473.6056014685
T2135,HR_DC,-41473.6056014685
T2136,HR_DC,-41473.6056014685
T2137,HR_DC,-41473.6056014685
T2138,HR_DC,-41473.6056014685
T2139,HR_DC,-41473.6056014685
T2140,HR_DC,-41473.6056014685
T2141,HR_DC,-41473.6056014685
T2142,HR_DC,-41473.6056014685
T2143,HR_DC,-41473.6056014685
T2144,HR_DC,-41473.6056014685
T2145,HR_DC,-41473.6056014685
T2146,HR_DC,-41473.6056014685
T2147,HR_DC,-41473.6056014685
T2148,HR_DC,-41473.6056014685
T2149,HR_DC,-41473.6056014685
T2150,HR_DC,-41473.6056014685
T2151,HR_DC,-41473.6056014685
T2152,HR_DC,-41473.6056014685
T2153,HR_DC,-41473.6056014685
T2154,HR_DC,-41473.6056014685
T2155,HR_DC,-41473.6056014685
T2156,HR_DC,-41473.6056014685
T2157,HR_DC,-41473.6056014685
T2158,HR_DC,-41473.6056014685
T2159,HR_DC,-41473.6056014685
T2160,HR_DC,-41473.6056014685
T2161,HR_DC,-41473.6056014685
T2162,HR_DC,-41473.6056014685
T2163,HR_DC,-41473.6056014685
T2164,HR_DC,-41473.6056014685
T2165,HR_DC,-41473.6056014685
T2166,HR_DC,-41473.6056014685
T2167,HR_DC,-41473.6056014685
T2168,HR_DC,-41473.6056014685
T2169,HR_DC,-41473.6056014685
T2170,HR_DC,-41473.6056014685
T2171,HR_DC,-41473.6056014685
T2172,HR_DC,-41473.6056014685
T2173,HR_DC,-41473.6056014685
T2174,HR_DC,-41473.6056014685
T2175,HR_DC,-41473.6056014685
T2176,HR_DC,-41473.6056014685
T2177,HR_DC,-41473.6056014685
T2178,HR_DC,-41473.6056014685
T2179,HR_DC,-41473.6056014685
T2180,HR_DC,-41473.6056014685
T2181,HR_DC,-41473.6056014685
T2182,HR_DC,-41473.6056014685
T2183,HR_DC,-41473.6056014685
T2184,HR_DC,-41473.6056014685
T2185,HR_DC,-41473.6056014685
T2186,HR_DC,-41473.6056014685
T2187,HR_DC,-41473.6056014685
T2188,HR_DC,-41473.6056014685
T2189,HR_DC,-41473.6056014685
T2190,HR_DC,-41473.6056014685
T2191,HR_DC,-41510.7381702778
T2192,HR_DC,-41510.7381702778
T2193,HR_DC,-41510.7381702778
T2194,HR_DC,-41510.7381702778
T2195,HR_DC,-41510.7381702778
T2196,HR_DC,-41510.7381702778
T2197,HR_DC,-41510.7381702778
T2198,HR_DC,-41510.7381702778
T2199,HR_DC,-41510.7381702778
T2200,HR_DC,-41510.7381702778
T2201,HR_DC,-41510.7381702778
T2202,HR_DC,-41510.7381702778
T2203,HR_DC,-41510.7381702778
T2204,HR_DC,-41510.7381702778
T2205,HR_DC,-41510.7381702778
T2206,HR_DC,-41510.7381702778
T2207,HR_DC,-41510.7381702778
T2208,HR_DC,-41510.7381702778
T2209,HR_DC,-41510.7381702778
T2210,HR_DC,-41510.7381702778
T2211,HR_DC,-41510.7381702778
T2212,HR_DC,-41510.7381702778
T2213,HR_DC,-41510.7381702778
T2214,HR_DC,-41510.7381702778
T2215,HR_DC,-41510.7381702778
T2216,HR_DC,-41510.7381702778
T2217,HR_DC,-41510.7381702778
T2218,HR_DC,-41510.7381702778
T2219,HR_DC,-41510.7381702778
T2220,HR_DC,-41510.7381702778
T2221,HR_DC,-41510.7381702778
T2222,HR_DC,-41510.7381702778
T2223,HR_DC,-41510.7381702778
T2224,HR_DC,-41510.7381702778
T2225,HR_DC,-41510.7381702778
T2226,HR_DC,-41510.7381702778
T2227,HR_DC,-41510.7381702778
T2228,HR_DC,-41510.7381702778
T2229,HR_DC,-41510.7381702778
T2230,HR_DC,-41510.7381702778
T2231,HR_DC,-41510.7381702778
T2232,HR_DC,-41510.7381702778
T2233,HR_DC,-41510.7381702778
T2234,HR_DC,-41510.7381702778
T2235,HR_DC,-41510.7381702778
T2236,HR_DC,-41510.7381702778
T2237,HR_DC,-41510.7381702778
T2238,HR_DC,-41510.7381702778
T2239,HR_DC,-41510.7381702778
T2240,HR_DC,-41510.7381702778
T2241,HR_DC,-41510.7381702778
T2242,HR_DC,-41510.7381702778
T2243,HR_DC,-41510.7381702778
T2244,HR_DC,-41510.7381702778
T2245,HR_DC,-41510.7381702778
T2246,HR_DC,-41510.7381702778
T2247,HR_DC,-41510.7381702778
T2248,HR_DC,-41510.7381702778
T2249,HR_DC,-41510.7381702778
T2250,HR_DC,-41510.7381702778
T2251,HR_DC,-41510.7381702778
T2252,HR_DC,-41510.7381702778
T2253,HR_DC,-41510.7381702778
T2254,HR_DC,-41510.7381702778
T2255,HR_DC,-41510.7381702778
T2256,HR_DC,-41510.7381702778
T2257,HR_DC,-41510.7381702778
T2258,HR_DC,-41510.7381702778
T2259,HR_DC,-41510.7381702778
T2260,HR_DC,-41510.7381702778
T2261,HR_DC,-41510.7381702778
T2262,HR_DC,-41510.7381702778
T2263,HR_DC,-41510.7381702778
T2264,HR_DC,-41510.7381702778
T2265,HR_DC,-41510.7381702778
T2266,HR_DC,-41510.7381702778
T2267,HR_DC,-41510.7381702778
T2268,HR_DC,-41510.7381702778
T2269,HR_DC,-41510.7381702778
T2270,HR_DC,-41510.7381702778
T2271,HR_DC,-41510.7381702778
T2272,HR_DC,-41510.7381702778
T2273,HR_DC,-41510.7381702778
T2274,HR_DC,-41510.7381702778
T2275,HR_DC,-41510.7381702778
T2276,HR_DC,-41510.7381702778
T2277,HR_DC,-41510.7381702778
T2278,HR_DC,-41510.7381702778
T2279,HR_DC,-41510.7381702778
T2280,HR_DC,-41510.7381702778
T2281,HR_DC,-41510.7381702778
T2282,HR_DC,-41510.7381702778
T2283,HR_DC,-41510.7381702778
T2284,HR_DC,-41510.7381702778
T2285,HR_DC,-41510.7381702778
T2286,HR_DC,-41510.7381702778
T2287,HR_DC,-41510.7381702778
T2288,HR_DC,-41510.7381702778
T2289,HR_DC,-41510.7381702778
T2290,HR_DC,-41510.7381702778
T2291,HR_DC,-41510.7381702778
T2292,HR_DC,-41510.7381702778
T2293,HR_DC,-41510.7381702778
T2294,HR_DC,-41510.7381702778
T2295,HR_DC,-41510.7381702778
T2296,HR_DC,-41510.7381702778
T2297,HR_DC,-41510.7381702778
T2298,HR_DC,-41510.7381702778
T2299,HR_DC,-41510.7381702778
T2300,HR_DC,-41510.7381702778
T2301,HR_DC,-41510.7381702778
T2302,HR_DC,-41510.7381702778
T2303,HR_DC,-41510.7381702778
T2304,HR_DC,-41510.7381702778
T2305,HR_DC,-41510.7381702778
T2306,HR_DC,-41510.7381702778
T2307,HR_DC,-41510.7381702778
T2308,HR_DC,-41510.7381702778
T2309,HR_DC,-41510.7381702778
T2310,HR_DC,-41510.7381702778
T2311,HR_DC,-41510.7381702778
T2312,HR_DC,-41510.7381702778
T2313,HR_DC,-41510.7381702778
T2314,HR_DC,-41510.7381702778
T2315,HR_DC,-41510.7381702778
T2316,HR_DC,-41510.7381702778
T2317,HR_DC,-41510.7381702778
T2318,HR_DC,-41510.7381702778
T2319,HR_DC,-41510.7381702778
T2320,HR_DC,-41510.7381702778
T2321,HR_DC,-41510.7381702778
T2322,HR_DC,-41510.7381702778
T2323,HR_DC,-41510.7381702778
T2324,HR_DC,-41510.7381702778
T2325,HR_DC,-41510.7381702778
T2326,HR_DC,-41510.7381702778
T2327,HR_DC,-41510.7381702778
T2328,HR_DC,-41510.7381702778
T2329,HR_DC,-41510.7381702778
T2330,HR_DC,-41510.7381702778
T2331,HR_DC,-41510.7381702778
T2332,HR_DC,-41510.7381702778
T2333,HR_DC,-41510.7381702778
T2334,HR_DC,-41510.7381702778
T2335,HR_DC,-41510.7381702778
T2336,HR_DC,-41510.7381702778
T2337,HR_DC,-41510.7381702778
T2338,HR_DC,-41510.7381702778
T2339,HR_DC,-41510.7381702778
T2340,HR_DC,-41510.7381702778
T2341,HR_DC,-41510.7381702778
T2342,HR_DC,-41510.7381702778
T2343,HR_DC,-41510.7381702778
T2344,HR_DC,-41510.7381702778
T2345,HR_DC,-41510.7381702778
T2346,HR_DC,-41510.7381702778
T2347,HR_DC,-41510.7381702778
T2348,HR_DC,-41510.7381702778
T2349,HR_DC,-41510.7381702778
T2350,HR_DC,-41510.7381702778
T2351,HR_DC,-41510.7381702778
T2352,HR_DC,-41510.7381702778
T2353,HR_DC,-41510.7381702778
T2354,HR_DC,-41510.7381702778
T2355,HR_DC,-41510.7381702778
T2356,HR_DC,-41510.7381702778
T2357,HR_DC,-41510.7381702778
T2358,HR_DC,-41510.7381702778
T2359,HR_DC,-41510.7381702778
T2360,HR_DC,-41510.7381702778
T2361,HR_DC,-41510.7381702778
T2362,HR_DC,-41510.7381702778
T2363,HR_DC,-41510.7381702778
T2364,HR_DC,-41510.7381702778
T2365,HR_DC,-41510.7381702778
T2366,HR_DC,-41510.7381702778
T2367,HR_DC,-41510.7381702778
T2368,HR_DC,-41510.7381702778
T2369,HR_DC,-41510.7381702778
T2370,HR_DC,-41510.7381702778
T2371,HR_DC,-41510.7381702778
T2372,HR_DC,-41510.7381702778
T2373,HR_DC,-41510.7381702778
T2374,HR_DC,-41510.7381702778
T2375,HR_DC,-41510.7381702778
T2376,HR_DC,-41510.7381702778
T2377,HR_DC,-41510.7381702778
T2378,HR_DC,-41510.7381702778
T2379,HR_DC,-41510.7381702778
T2380,HR_DC,-41510.7381702778
T2381,HR_DC,-41510.7381702778
T2382,HR_DC,-41510.7381702778
T2383,HR_DC,-41510.7381702778
T2384,HR_DC,-41510.7381702778
T2385,HR_DC,-41510.7381702778
T2386,HR_DC,-41510.7381702778
T2387,HR_DC,-41510.7381702778
T2388,HR_DC,-41510.7381702778
T2389,HR_DC,-41510.7381702778
T2390,HR_DC,-41510.7381702778
T2391,HR_DC,-41510.7381702778
T2392,HR_DC,-41510.7381702778
T2393,HR_DC,-41510.7381702778
T2394,HR_DC,-41510.7381702778
T2395,HR_DC,-41510.7381702778
T2396,HR_DC,-41510.7381702778
T2397,HR_DC,-41510.7381702778
T2398,HR_DC,-41510.7381702778
T2399,HR_DC,-41510.7381702778
T2400,HR_DC,-41510.7381702778
T2401,HR_DC,-41510.7381702778
T2402,HR_DC,-41510.7381702778
T2403,HR_DC,-41510.7381702778
T2404,HR_DC,-41510.7381702778
T2405,HR_DC,-41510.7381702778
T2406,HR_DC,-41510.7381702778
T2407,HR_DC,-41510.7381702778
T2408,HR_DC,-41510.7381702778
T2409,HR_DC,-41510.7381702778
T2410,HR_DC,-41510.7381702778
T2411,HR_DC,-41510.7381702778
T2412,HR_DC,-41510.7381702778
T2413,HR_DC,-41510.7381702778
T2414,HR_DC,-41510.7381702778
T2415,HR_DC,-41510.7381702778
T2416,HR_DC,-41510.7381702778
T2417,HR_DC,-41510.7381702778
T2418,HR_DC,-41510.7381702778
T2419,HR_DC,-41510.7381702778
T2420,HR_DC,-41510.7381702778
T2421,HR_DC,-41510.7381702778
T2422,HR_DC,-41510.7381702778
T2423,HR_DC,-41510.7381702778
T2424,HR_DC,-41510.7381702778
T2425,HR_DC,-41510.7381702778
T2426,HR_DC,-41510.7381702778
T2427,HR_DC,-41510.7381702778
T2428,HR_DC,-41510.7381702778
T2429,HR_DC,-41510.7381702778
T2430,HR_DC,-41510.7381702778
T2431,HR_DC,-41510.7381702778
T2432,HR_DC,-41510.7381702778
T2433,HR_DC,-41510.7381702778
T2434,HR_DC,-41510.7381702778
T2435,HR_DC,-41510.7381702778
T2436,HR_DC,-41510.7381702778
T2437,HR_DC,-41510.7381702778
T2438,HR_DC,-41510.7381702778
T2439,HR_DC,-41510.7381702778
T2440,HR_DC,-41510.7381702778
T2441,HR_DC,-41510.7381702778
T2442,HR_DC,-41510.7381702778
T2443,HR_DC,-41510.7381702778
T2444,HR_DC,-41510.7381702778
T2445,HR_DC,-41510.7381702778
T2446,HR_DC,-41510.7381702778
T2447,HR_DC,-41510.7381702778
T2448,HR_DC,-41510.7381702778
T2449,HR_DC,-41510.7381702778
T2450,HR_DC,-41510.7381702778
T2451,HR_DC,-41510.7381702778
T2452,HR_DC,-41510.7381702778
T2453,HR_DC,-41510.7381702778
T2454,HR_DC,-41510.7381702778
T2455,HR_DC,-41510.7381702778
T2456,HR_DC,-41510.7381702778
T2457,HR_DC,-41510.7381702778
T2458,HR_DC,-41510.7381702778
T2459,HR_DC,-41510.7381702778
T2460,HR_DC,-41510.7381702778
T2461,HR_DC,-41510.7381702778
T2462,HR_DC,-41510.7381702778
T2463,HR_DC,-41510.7381702778
T2464,HR_DC,-41510.7381702778
T2465,HR_DC,-41510.7381702778
T2466,HR_DC,-41510.7381702778
T2467,HR_DC,-41510.7381702778
T2468,HR_DC,-41510.7381702778
T2469,HR_DC,-41510.7381702778
T2470,HR_DC,-41510.7381702778
T2471,HR_DC,-41510.7381702778
T2472,HR_DC,-41510.7381702778
T2473,HR_DC,-41510.7381702778
T2474,HR_DC,-41510.7381702778
T2475,HR_DC,-41510.7381702778
T2476,HR_DC,-41510.7381702778
T2477,HR_DC,-41510.7381702778
T2478,HR_DC,-41510.7381702778
T2479,HR_DC,-41510.7381702778
T2480,HR_DC,-41510.7381702778
T2481,HR_DC,-41510.7381702778
T2482,HR_DC,-41510.7381702778
T2483,HR_DC,-41510.7381702778
T2484,HR_DC,-41510.7381702778
T2485,HR_DC,-41510.7381702778
T2486,HR_DC,-41510.7381702778
T2487,HR_DC,-41510.7381702778
T2488,HR_DC,-41510.7381702778
T2489,HR_DC,-41510.7381702778
T2490,HR_DC,-41510.7381702778
T2491,HR_DC,-41510.7381702778
T2492,HR_DC,-41510.7381702778
T2493,HR_DC,-41510.7381702778
T2494,HR_DC,-41510.7381702778
T2495,HR_DC,-41510.7381702778
T2496,HR_DC,-41510.7381702778
T2497,HR_DC,-41510.7381702778
T2498,HR_DC,-41510.7381702778
T2499,HR_DC,-41510.7381702778
T2500,HR_DC,-41510.7381702778
T2501,HR_DC,-41510.7381702778
T2502,HR_DC,-41510.7381702778
T2503,HR_DC,-41510.7381702778
T2504,HR_DC,-41510.7381702778
T2505,HR_DC,-41510.7381702778
T2506,HR_DC,-41510.7381702778
T2507,HR_DC,-41510.7381702778
T2508,HR_DC,-41510.7381702778
T2509,HR_DC,-41510.7381702778
T2510,HR_DC,-41510.7381702778
T2511,HR_DC,-41510.7381702778
T2512,HR_DC,-41510.7381702778
T2513,HR_DC,-41510.7381702778
T2514,HR_DC,-41510.7381702778
T2515,HR_DC,-41510.7381702778
T2516,HR_DC,-41510.7381702778
T2517,HR_DC,-41510.7381702778
T2518,HR_DC,-41510.7381702778
T2519,HR_DC,-41510.7381702778
T2520,HR_DC,-41510.7381702778
T2521,HR_DC,-41510.7381702778
T2522,HR_DC,-41510.7381702778
T2523,HR_DC,-41510.7381702778
T2524,HR_DC,-41510.7381702778
T2525,HR_DC,-41510.7381702778
T2526,HR_DC,-41510.7381702778
T2527,HR_DC,-41510.7381702778
T2528,HR_DC,-41510.7381702778
T2529,HR_DC,-41510.7381702778
T2530,HR_DC,-41510.7381702778
T2531,HR_DC,-41510.7381702778
T2532,HR_DC,-41510.7381702778
T2533,HR_DC,-41510.7381702778
T2534,HR_DC,-41510.7381702778
T2535,HR_DC,-41510.7381702778
T2536,HR_DC,-41510.7381702778
T2537,HR_DC,-41510.7381702778
T2538,HR_DC,-41510.7381702778
T2539,HR_DC,-41510.7381702778
T2540,HR_DC,-41510.7381702778
T2541,HR_DC,-41510.7381702778
T2542,HR_DC,-41510.7381702778
T2543,HR_DC,-41510.7381702778
T2544,HR_DC,-41510.7381702778
T2545,HR_DC,-41510.7381702778
T2546,HR_DC,-41510.7381702778
T2547,HR_DC,-41510.7381702778
T2548,HR_DC,-41510.7381702778
T2549,HR_DC,-41510.7381702778
T2550,HR_DC,-41510.7381702778
T2551,HR_DC,-41510.7381702778
T2552,HR_DC,-41510.7381702778
T2553,HR_DC,-41510.7381702778
T2554,HR_DC,-41510.7381702778
T2555,HR_DC,-41510.7381702778
T2556,HR_DC,-41510.7381702778
T2557,HR_DC,-41510.7381702778
T2558,HR_DC,-41510.7381702778
T2559,HR_DC,-41510.7381702778
T2560,HR_DC,-41510.7381702778
T2561,HR_DC,-41510.7381702778
T2562,HR_DC,-41510.7381702778
T2563,HR_DC,-41510.7381702778
T2564,HR_DC,-41510.7381702778
T2565,HR_DC,-41510.7381702778
T2566,HR_DC,-41510.7381702778
T2567,HR_DC,-41510.7381702778
T2568,HR_DC,-41510.7381702778
T2569,HR_DC,-41510.7381702778
T2570,HR_DC,-41510.7381702778
T2571,HR_DC,-41510.7381702778
T2572,HR_DC,-41510.7381702778
T2573,HR_DC,-41510.7381702778
T2574,HR_DC,-41510.7381702778
T2575,HR_DC,-41510.7381702778
T2576,HR_DC,-41510.7381702778
T2577,HR_DC,-41510.7381702778
T2578,HR_DC,-41510.7381702778
T2579,HR_DC,-41510.7381702778
T2580,HR_DC,-41510.7381702778
T2581,HR_DC,-41510.7381702778
T2582,HR_DC,-41510.7381702778
T2583,HR_DC,-41510.7381702778
T2584,HR_DC,-41510.7381702778
T2585,HR_DC,-41510.7381702778
T2586,HR_DC,-41510.7381702778
T2587,HR_DC,-41510.7381702778
T2588,HR_DC,-41510.7381702778
T2589,HR_DC,-41510.7381702778
T2590,HR_DC,-41510.7381702778
T2591,HR_DC,-41510.7381702778
T2592,HR_DC,-41510.7381702778
T2593,HR_DC,-41510.7381702778
T2594,HR_DC,-41510.7381702778
T2595,HR_DC,-41510.7381702778
T2596,HR_DC,-41510.7381702778
T2597,HR_DC,-41510.7381702778
T2598,HR_DC,-41510.7381702778
T2599,HR_DC,-41510.7381702778
T2600,HR_DC,-41510.7381702778
T2601,HR_DC,-41510.7381702778
T2602,HR_DC,-41510.7381702778
T2603,HR_DC,-41510.7381702778
T2604,HR_DC,-41510.7381702778
T2605,HR_DC,-41510.7381702778
T2606,HR_DC,-41510.7381702778
T2607,HR_DC,-41510.7381702778
T2608,HR_DC,-41510.7381702778
T2609,HR_DC,-41510.7381702778
T2610,HR_DC,-41510.7381702778
T2611,HR_DC,-41510.7381702778
T2612,HR_DC,-41510.7381702778
T2613,HR_DC,-41510.7381702778
T2614,HR_DC,-41510.7381702778
T2615,HR_DC,-41510.7381702778
T2616,HR_DC,-41510.7381702778
T2617,HR_DC,-41510.7381702778
T2618,HR_DC,-41510.7381702778
T2619,HR_DC,-41510.7381702778
T2620,HR_DC,-41510.7381702778
T2621,HR_DC,-41510.7381702778
T2622,HR_DC,-41510.7381702778
T2623,HR_DC,-41510.7381702778
T2624,HR_DC,-41510.7381702778
T2625,HR_DC,-41510.7381702778
T2626,HR_DC,-41510.7381702778
T2627,HR_DC,-41510.7381702778
T2628,HR_DC,-41510.7381702778
T2629,HR_DC,-41510.7381702778
T2630,HR_DC,-41510.7381702778
T2631,HR_DC,-41510.7381702778
T2632,HR_DC,-41510.7381702778
T2633,HR_DC,-41510.7381702778
T2634,HR_DC,-41510.7381702778
T2635,HR_DC,-41510.7381702778
T2636,HR_DC,-41510.7381702778
T2637,HR_DC,-41510.7381702778
T2638,HR_DC,-41510.7381702778
T2639,HR_DC,-41510.7381702778
T2640,HR_DC,-41510.7381702778
T2641,HR_DC,-41510.7381702778
T2642,HR_DC,-41510.7381702778
T2643,HR_DC,-41510.7381702778
T2644,HR_DC,-41510.7381702778
T2645,HR_DC,-41510.7381702778
T2646,HR_DC,-41510.7381702778
T2647,HR_DC,-41510.7381702778
T2648,HR_DC,-41510.7381702778
T2649,HR_DC,-41510.7381702778
T2650,HR_DC,-41510.7381702778
T2651,HR_DC,-41510.7381702778
T2652,HR_DC,-41510.7381702778
T2653,HR_DC,-41510.7381702778
T2654,HR_DC,-41510.7381702778
T2655,HR_DC,-41510.7381702778
T2656,HR_DC,-41510.7381702778
T2657,HR_DC,-41510.7381702778
T2658,HR_DC,-41510.7381702778
T2659,HR_DC,-41510.7381702778
T2660,HR_DC,-41510.7381702778
T2661,HR_DC,-41510.7381702778
T2662,HR_DC,-41510.7381702778
T2663,HR_DC,-41510.7381702778
T2664,HR_DC,-41510.7381702778
T2665,HR_DC,-41510.7381702778
T2666,HR_DC,-41510.7381702778
T2667,HR_DC,-41510.7381702778
T2668,HR_DC,-41510.7381702778
T2669,HR_DC,-41510.7381702778
T2670,HR_DC,-41510.7381702778
T2671,HR_DC,-41510.7381702778
T2672,HR_DC,-41510.7381702778
T2673,HR_DC,-41510.7381702778
T2674,HR_DC,-41510.7381702778
T2675,HR_DC,-41510.7381702778
T2676,HR_DC,-41510.7381702778
T2677,HR_DC,-41510.7381702778
T2678,HR_DC,-41510.7381702778
T2679,HR_DC,-41510.7381702778
T2680,HR_DC,-41510.7381702778
T2681,HR_DC,-41510.7381702778
T2682,HR_DC,-41510.7381702778
T2683,HR_DC,-41510.7381702778
T2684,HR_DC,-41510.7381702778
T2685,HR_DC,-41510.7381702778
T2686,HR_DC,-41510.7381702778
T2687,HR_DC,-41510.7381702778
T2688,HR_DC,-41510.7381702778
T2689,HR_DC,-41510.7381702778
T2690,HR_DC,-41510.7381702778
T2691,HR_DC,-41510.7381702778
T2692,HR_DC,-41510.7381702778
T2693,HR_DC,-41510.7381702778
T2694,HR_DC,-41510.7381702778
T2695,HR_DC,-41510.7381702778
T2696,HR_DC,-41510.7381702778
T2697,HR_DC,-41510.7381702778
T2698,HR_DC,-41510.7381702778
T2699,HR_DC,-41510.7381702778
T2700,HR_DC,-41510.7381702778
T2701,HR_DC,-41510.7381702778
T2702,HR_DC,-41510.7381702778
T2703,HR_DC,-41510.7381702778
T2704,HR_DC,-41510.7381702778
T2705,HR_DC,-41510.7381702778
T2706,HR_DC,-41510.7381702778
T2707,HR_DC,-41510.7381702778
T2708,HR_DC,-41510.7381702778
T2709,HR_DC,-41510.7381702778
T2710,HR_DC,-41510.7381702778
T2711,HR_DC,-41510.7381702778
T2712,HR_DC,-41510.7381702778
T2713,HR_DC,-41510.7381702778
T2714,HR_DC,-41510.7381702778
T2715,HR_DC,-41510.7381702778
T2716,HR_DC,-41510.7381702778
T2717,HR_DC,-41510.7381702778
T2718,HR_DC,-41510.7381702778
T2719,HR_DC,-41510.7381702778
T2720,HR_DC,-41510.7381702778
T2721,HR_DC,-41510.7381702778
T2722,HR_DC,-41510.7381702778
T2723,HR_DC,-41510.7381702778
T2724,HR_DC,-41510.7381702778
T2725,HR_DC,-41510.7381702778
T2726,HR_DC,-41510.7381702778
T2727,HR_DC,-41510.7381702778
T2728,HR_DC,-41510.7381702778
T2729,HR_DC,-41510.7381702778
T2730,HR_DC,-41510.7381702778
T2731,HR_DC,-41510.7381702778
T2732,HR_DC,-41510.7381702778
T2733,HR_DC,-41510.7381702778
T2734,HR_DC,-41510.7381702778
T2735,HR_DC,-41510.7381702778
T2736,HR_DC,-41510.7381702778
T2737,HR_DC,-41510.7381702778
T2738,HR_DC,-41510.7381702778
T2739,HR_DC,-41510.7381702778
T2740,HR_DC,-41510.7381702778
T2741,HR_DC,-41510.7381702778
T2742,HR_DC,-41510.7381702778
T2743,HR_DC,-41510.7381702778
T2744,HR_DC,-41510.7381702778
T2745,HR_DC,-41510.7381702778
T2746,HR_DC,-41510.7381702778
T2747,HR_DC,-41510.7381702778
T2748,HR_DC,-41510.7381702778
T2749,HR_DC,-41510.7381702778
T2750,HR_DC,-41510.7381702778
T2751,HR_DC,-41510.7381702778
T2752,HR_DC,-41510.7381702778
T2753,HR_DC,-41510.7381702778
T2754,HR_DC,-41510.7381702778
T2755,HR_DC,-41510.7381702778
T2756,HR_DC,-41510.7381702778
T2757,HR_DC,-41510.7381702778
T2758,HR_DC,-41510.7381702778
T2759,HR_DC,-41510.7381702778
T2760,HR_DC,-41510.7381702778
T2761,HR_DC,-41510.7381702778
T2762,HR_DC,-41510.7381702778
T2763,HR_DC,-41510.7381702778
T2764,HR_DC,-41510.7381702778
T2765,HR_DC,-41510.7381702778
T2766,HR_DC,-41510.7381702778
T2767,HR_DC,-41510.7381702778
T2768,HR_DC,-41510.7381702778
T2769,HR_DC,-41510.7381702778
T2770,HR_DC,-41510.7381702778
T2771,HR_DC,-41510.7381702778
T2772,HR_DC,-41510.7381702778
T2773,HR_DC,-41510.7381702778
T2774,HR_DC,-41510.7381702778
T2775,HR_DC,-41510.7381702778
T2776,HR_DC,-41510.7381702778
T2777,HR_DC,-41510.7381702778
T2778,HR_DC,-41510.7381702778
T2779,HR_DC,-41510.7381702778
T2780,HR_DC,-41510.7381702778
T2781,HR_DC,-41510.7381702778
T2782,HR_DC,-41510.7381702778
T2783,HR_DC,-41510.7381702778
T2784,HR_DC,-41510.7381702778
T2785,HR_DC,-41510.7381702778
T2786,HR_DC,-41510.7381702778
T2787,HR_DC,-41510.7381702778
T2788,HR_DC,-41510.7381702778
T2789,HR_DC,-41510.7381702778
T2790,HR_DC,-41510.7381702778
T2791,HR_DC,-41510.7381702778
T2792,HR_DC,-41510.7381702778
T2793,HR_DC,-41510.7381702778
T2794,HR_DC,-41510.7381702778
T2795,HR_DC,-41510.7381702778
T2796,HR_DC,-41510.7381702778
T2797,HR_DC,-41510.7381702778
T2798,HR_DC,-41510.7381702778
T2799,HR_DC,-41510.7381702778
T2800,HR_DC,-41510.7381702778
T2801,HR_DC,-41510.7381702778
T2802,HR_DC,-41510.7381702778
T2803,HR_DC,-41510.7381702778
T2804,HR_DC,-41510.7381702778
T2805,HR_DC,-41510.7381702778
T2806,HR_DC,-41510.7381702778
T2807,HR_DC,-41510.7381702778
T2808,HR_DC,-41510.7381702778
T2809,HR_DC,-41510.7381702778
T2810,HR_DC,-41510.7381702778
T2811,HR_DC,-41510.7381702778
T2812,HR_DC,-41510.7381702778
T2813,HR_DC,-41510.7381702778
T2814,HR_DC,-41510.7381702778
T2815,HR_DC,-41510.7381702778
T2816,HR_DC,-41510.7381702778
T2817,HR_DC,-41510.7381702778
T2818,HR_DC,-41510.7381702778
T2819,HR_DC,-41510.7381702778
T2820,HR_DC,-41510.7381702778
T2821,HR_DC,-41510.7381702778
T2822,HR_DC,-41510.7381702778
T2823,HR_DC,-41510.7381702778
T2824,HR_DC,-41510.7381702778
T2825,HR_DC,-41510.7381702778
T2826,HR_DC,-41510.7381702778
T2827,HR_DC,-41510.7381702778
T2828,HR_DC,-41510.7381702778
T2829,HR_DC,-41510.7381702778
T2830,HR_DC,-41510.7381702778
T2831,HR_DC,-41510.7381702778
T2832,HR_DC,-41510.7381702778
T2833,HR_DC,-41510.7381702778
T2834,HR_DC,-41510.7381702778
T2835,HR_DC,-41510.7381702778
T2836,HR_DC,-41510.7381702778
T2837,HR_DC,-41510.7381702778
T2838,HR_DC,-41510.7381702778
T2839,HR_DC,-41510.7381702778
T2840,HR_DC,-41510.7381702778
T2841,HR_DC,-41510.7381702778
T2842,HR_DC,-41510.7381702778
T2843,HR_DC,-41510.7381702778
T2844,HR_DC,-41510.7381702778
T2845,HR_DC,-41510.7381702778
T2846,HR_DC,-41510.7381702778
T2847,HR_DC,-41510.7381702778
T2848,HR_DC,-41510.7381702778
T2849,HR_DC,-41510.7381702778
T2850,HR_DC,-41510.7381702778
T2851,HR_DC,-41510.7381702778
T2852,HR_DC,-41510.7381702778
T2853,HR_DC,-41510.7381702778
T2854,HR_DC,-41510.7381702778
T2855,HR_DC,-41510.7381702778
T2856,HR_DC,-41510.7381702778
T2857,HR_DC,-41510.7381702778
T2858,HR_DC,-41510.7381702778
T2859,HR_DC,-41510.7381702778
T2860,HR_DC,-41510.7381702778
T2861,HR_DC,-41510.7381702778
T2862,HR_DC,-41510.7381702778
T2863,HR_DC,-41510.7381702778
T2864,HR_DC,-41510.7381702778
T2865,HR_DC,-41510.7381702778
T2866,HR_DC,-41510.7381702778
T2867,HR_DC,-41510.7381702778
T2868,HR_DC,-41510.7381702778
T2869,HR_DC,-41510.7381702778
T2870,HR_DC,-41510.7381702778
T2871,HR_DC,-41510.7381702778
T2872,HR_DC,-41510.7381702778
T2873,HR_DC,-41510.7381702778
T2874,HR_DC,-41510.7381702778
T2875,HR_DC,-41510.7381702778
T2876,HR_DC,-41510.7381702778
T2877,HR_DC,-41510.7381702778
T2878,HR_DC,-41510.7381702778
T2879,HR_DC,-41510.7381702778
T2880,HR_DC,-41510.7381702778
T2881,HR_DC,-41510.7381702778
T2882,HR_DC,-41510.7381702778
T2883,HR_DC,-41510.7381702778
T2884,HR_DC,-41510.7381702778
T2885,HR_DC,-41510.7381702778
T2886,HR_DC,-41510.7381702778
T2887,HR_DC,-41510.7381702778
T2888,HR_DC,-41510.7381702778
T2889,HR_DC,-41510.7381702778
T2890,HR_DC,-41510.7381702778
T2891,HR_DC,-41510.7381702778
T2892,HR_DC,-41510.7381702778
T2893,HR_DC,-41510.7381702778
T2894,HR_DC,-41510.7381702778
T2895,HR_DC,-41510.7381702778
T2896,HR_DC,-41510.7381702778
T2897,HR_DC,-41510.7381702778
T2898,HR_DC,-41510.7381702778
T2899,HR_DC,-41510.7381702778
T2900,HR_DC,-41510.7381702778
T2901,HR_DC,-41510.7381702778
T2902,HR_DC,-41510.7381702778
T2903,HR_DC,-41510.7381702778
T2904,HR_DC,-41510.7381702778
T2905,HR_DC,-41510.7381702778
T2906,HR_DC,-41510.7381702778
T2907,HR_DC,-41510.7381702778
T2908,HR_DC,-41510.7381702778
T2909,HR_DC,-41510.7381702778
T2910,HR_DC,-41510.7381702778
T2911,HR_DC,-41510.7381702778
T2912,HR_DC,-41510.7381702778
T2913,HR_DC,-41510.7381702778
T2914,HR_DC,-41510.7381702778
T2915,HR_DC,-41510.7381702778
T2916,HR_DC,-41510.7381702778
T2917,HR_DC,-41510.7381702778
T2918,HR_DC,-41510.7381702778
T2919,HR_DC,-41510.7381702778
T2920,HR_DC,-41510.7381702778
T2921,HR_DC,-41532.22018599909
T2922,HR_DC,-41532.22018599909
T2923,HR_DC,-41532.22018599909
T2924,HR_DC,-41532.22018599909
T2925,HR_DC,-41532.22018599909
T2926,HR_DC,-41532.22018599909
T2927,HR_DC,-41532.22018599909
T2928,HR_DC,-41532.22018599909
T2929,HR_DC,-41532.22018599909
T2930,HR_DC,-41532.22018599909
T2931,HR_DC,-41532.22018599909
T2932,HR_DC,-41532.22018599909
T2933,HR_DC,-41532.22018599909
T2934,HR_DC,-41532.22018599909
T2935,HR_DC,-41532.22018599909
T2936,HR_DC,-41532.22018599909
T2937,HR_DC,-41532.22018599909
T2938,HR_DC,-41532.22018599909
T2939,HR_DC,-41532.22018599909
T2940,HR_DC,-41532.22018599909
T2941,HR_DC,-41532.22018599909
T2942,HR_DC,-41532.22018599909
T2943,HR_DC,-41532.22018599909
T2944,HR_DC,-41532.22018599909
T2945,HR_DC,-41532.22018599909
T2946,HR_DC,-41532.22018599909
T2947,HR_DC,-41532.22018599909
T2948,HR_DC,-41532.22018599909
T2949,HR_DC,-41532.22018599909
T2950,HR_DC,-41532.22018599909
T2951,HR_DC,-41532.22018599909
T2952,HR_DC,-41532.22018599909
T2953,HR_DC,-41532.22018599909
T2954,HR_DC,-41532.22018599909
T2955,HR_DC,-41532.22018599909
T2956,HR_DC,-41532.22018599909
T2957,HR_DC,-41532.22018599909
T2958,HR_DC,-41532.22018599909
T2959,HR_DC,-41532.22018599909
T2960,HR_DC,-41532.22018599909
T2961,HR_DC,-41532.22018599909
T2962,HR_DC,-41532.22018599909
T2963,HR_DC,-41532.22018599909
T2964,HR_DC,-41532.22018599909
T2965,HR_DC,-41532.22018599909
T2966,HR_DC,-41532.22018599909
T2967,HR_DC,-41532.22018599909
T2968,HR_DC,-41532.22018599909
T2969,HR_DC,-41532.22018599909
T2970,HR_DC,-41532.22018599909
T2971,HR_DC,-41532.22018599909
T2972,HR_DC,-41532.22018599909
T2973,HR_DC,-41532.22018599909
T2974,HR_DC,-41532.22018599909
T2975,HR_DC,-41532.22018599909
T2976,HR_DC,-41532.22018599909
T2977,HR_DC,-41532.22018599909
T2978,HR_DC,-41532.22018599909
T2979,HR_DC,-41532.22018599909
T2980,HR_DC,-41532.22018599909
T2981,HR_DC,-41532.22018599909
T2982,HR_DC,-41532.22018599909
T2983,HR_DC,-41532.22018599909
T2984,HR_DC,-41532.22018599909
T2985,HR_DC,-41532.22018599909
T2986,HR_DC,-41532.22018599909
T2987,HR_DC,-41532.22018599909
T2988,HR_DC,-41532.22018599909
T2989,HR_DC,-41532.22018599909
T2990,HR_DC,-41532.22018599909
T2991,HR_DC,-41532.22018599909
T2992,HR_DC,-41532.22018599909
T2993,HR_DC,-41532.22018599909
T2994,HR_DC,-41532.22018599909
T2995,HR_DC,-41532.22018599909
T2996,HR_DC,-41532.22018599909
T2997,HR_DC,-41532.22018599909
T2998,HR_DC,-41532.22018599909
T2999,HR_DC,-41532.22018599909
T3000,HR_DC,-41532.22018599909
T3001,HR_DC,-41532.22018599909
T3002,HR_DC,-41532.22018599909
T3003,HR_DC,-41532.22018599909
T3004,HR_DC,-41532.22018599909
T3005,HR_DC,-41532.22018599909
T3006,HR_DC,-41532.22018599909
T3007,HR_DC,-41532.22018599909
T3008,HR_DC,-41532.22018599909
T3009,HR_DC,-41532.22018599909
T3010,HR_DC,-41532.22018599909
T3011,HR_DC,-41532.22018599909
T3012,HR_DC,-41532.22018599909
T3013,HR_DC,-41532.22018599909
T3014,HR_DC,-41532.22018599909
T3015,HR_DC,-41532.22018599909
T3016,HR_DC,-41532.22018599909
T3017,HR_DC,-41532.22018599909
T3018,HR_DC,-41532.22018599909
T3019,HR_DC,-41532.22018599909
T3020,HR_DC,-41532.22018599909
T3021,HR_DC,-41532.22018599909
T3022,HR_DC,-41532.22018599909
T3023,HR_DC,-41532.22018599909
T3024,HR_DC,-41532.22018599909
T3025,HR_DC,-41532.22018599909
T3026,HR_DC,-41532.22018599909
T3027,HR_DC,-41532.22018599909
T3028,HR_DC,-41532.22018599909
T3029,HR_DC,-41532.22018599909
T3030,HR_DC,-41532.22018599909
T3031,HR_DC,-41532.22018599909
T3032,HR_DC,-41532.22018599909
T3033,HR_DC,-41532.22018599909
T3034,HR_DC,-41532.22018599909
T3035,HR_DC,-41532.22018599909
T3036,HR_DC,-41532.22018599909
T3037,HR_DC,-41532.22018599909
T3038,HR_DC,-41532.22018599909
T3039,HR_DC,-41532.22018599909
T3040,HR_DC,-41532.22018599909
T3041,HR_DC,-41532.22018599909
T3042,HR_DC,-41532.22018599909
T3043,HR_DC,-41532.22018599909
T3044,HR_DC,-41532.22018599909
T3045,HR_DC,-41532.22018599909
T3046,HR_DC,-41532.22018599909
T3047,HR_DC,-41532.22018599909
T3048,HR_DC,-41532.22018599909
T3049,HR_DC,-41532.22018599909
T3050,HR_DC,-41532.22018599909
T3051,HR_DC,-41532.22018599909
T3052,HR_DC,-41532.22018599909
T3053,HR_DC,-41532.22018599909
T3054,HR_DC,-41532.22018599909
T3055,HR_DC,-41532.22018599909
T3056,HR_DC,-41532.22018599909
T3057,HR_DC,-41532.22018599909
T3058,HR_DC,-41532.22018599909
T3059,HR_DC,-41532.22018599909
T3060,HR_DC,-41532.22018599909
T3061,HR_DC,-41532.22018599909
T3062,HR_DC,-41532.22018599909
T3063,HR_DC,-41532.22018599909
T3064,HR_DC,-41532.22018599909
T3065,HR_DC,-41532.22018599909
T3066,HR_DC,-41532.22018599909
T3067,HR_DC,-41532.22018599909
T3068,HR_DC,-41532.22018599909
T3069,HR_DC,-41532.22018599909
T3070,HR_DC,-41532.22018599909
T3071,HR_DC,-41532.22018599909
T3072,HR_DC,-41532.22018599909
T3073,HR_DC,-41532.22018599909
T3074,HR_DC,-41532.22018599909
T3075,HR_DC,-41532.22018599909
T3076,HR_DC,-41532.22018599909
T3077,HR_DC,-41532.22018599909
T3078,HR_DC,-41532.22018599909
T3079,HR_DC,-41532.22018599909
T3080,HR_DC,-41532.22018599909
T3081,HR_DC,-41532.22018599909
T3082,HR_DC,-41532.22018599909
T3083,HR_DC,-41532.22018599909
T3084,HR_DC,-41532.22018599909
T3085,HR_DC,-41532.22018599909
T3086,HR_DC,-41532.22018599909
T3087,HR_DC,-41532.22018599909
T3088,HR_DC,-41532.22018599909
T3089,HR_DC,-41532.22018599909
T3090,HR_DC,-41532.22018599909
T3091,HR_DC,-41532.22018599909
T3092,HR_DC,-41532.22018599909
T3093,HR_DC,-41532.22018599909
T3094,HR_DC,-41532.22018599909
T3095,HR_DC,-41532.22018599909
T3096,HR_DC,-41532.22018599909
T3097,HR_DC,-41532.22018599909
T3098,HR_DC,-41532.22018599909
T3099,HR_DC,-41532.22018599909
T3100,HR_DC,-41532.22018599909
T3101,HR_DC,-41532.22018599909
T3102,HR_DC,-41532.22018599909
T3103,HR_DC,-41532.22018599909
T3104,HR_DC,-41532.22018599909
T3105,HR_DC,-41532.22018599909
T3106,HR_DC,-41532.22018599909
T3107,HR_DC,-41532.22018599909
T3108,HR_DC,-41532.22018599909
T3109,HR_DC,-41532.22018599909
T3110,HR_DC,-41532.22018599909
T3111,HR_DC,-41532.22018599909
T3112,HR_DC,-41532.22018599909
T3113,HR_DC,-41532.22018599909
T3114,HR_DC,-41532.22018599909
T3115,HR_DC,-41532.22018599909
T3116,HR_DC,-41532.22018599909
T3117,HR_DC,-41532.22018599909
T3118,HR_DC,-41532.22018599909
T3119,HR_DC,-41532.22018599909
T3120,HR_DC,-41532.22018599909
T3121,HR_DC,-41532.22018599909
T3122,HR_DC,-41532.22018599909
T3123,HR_DC,-41532.22018599909
T3124,HR_DC,-41532.22018599909
T3125,HR_DC,-41532.22018599909
T3126,HR_DC,-41532.22018599909
T3127,HR_DC,-41532.22018599909
T3128,HR_DC,-41532.22018599909
T3129,HR_DC,-41532.22018599909
T3130,HR_DC,-41532.22018599909
T3131,HR_DC,-41532.22018599909
T3132,HR_DC,-41532.22018599909
T3133,HR_DC,-41532.22018599909
T3134,HR_DC,-41532.22018599909
T3135,HR_DC,-41532.22018599909
T3136,HR_DC,-41532.22018599909
T3137,HR_DC,-41532.22018599909
T3138,HR_DC,-41532.22018599909
T3139,HR_DC,-41532.22018599909
T3140,HR_DC,-41532.22018599909
T3141,HR_DC,-41532.22018599909
T3142,HR_DC,-41532.22018599909
T3143,HR_DC,-41532.22018599909
T3144,HR_DC,-41532.22018599909
T3145,HR_DC,-41532.22018599909
T3146,HR_DC,-41532.22018599909
T3147,HR_DC,-41532.22018599909
T3148,HR_DC,-41532.22018599909
T3149,HR_DC,-41532.22018599909
T3150,HR_DC,-41532.22018599909
T3151,HR_DC,-41532.22018599909
T3152,HR_DC,-41532.22018599909
T3153,HR_DC,-41532.22018599909
T3154,HR_DC,-41532.22018599909
T3155,HR_DC,-41532.22018599909
T3156,HR_DC,-41532.22018599909
T3157,HR_DC,-41532.22018599909
T3158,HR_DC,-41532.22018599909
T3159,HR_DC,-41532.22018599909
T3160,HR_DC,-41532.22018599909
T3161,HR_DC,-41532.22018599909
T3162,HR_DC,-41532.22018599909
T3163,HR_DC,-41532.22018599909
T3164,HR_DC,-41532.22018599909
T3165,HR_DC,-41532.22018599909
T3166,HR_DC,-41532.22018599909
T3167,HR_DC,-41532.22018599909
T3168,HR_DC,-41532.22018599909
T3169,HR_DC,-41532.22018599909
T3170,HR_DC,-41532.22018599909
T3171,HR_DC,-41532.22018599909
T3172,HR_DC,-41532.22018599909
T3173,HR_DC,-41532.22018599909
T3174,HR_DC,-41532.22018599909
T3175,HR_DC,-41532.22018599909
T3176,HR_DC,-41532.22018599909
T3177,HR_DC,-41532.22018599909
T3178,HR_DC,-41532.22018599909
T3179,HR_DC,-41532.22018599909
T3180,HR_DC,-41532.22018599909
T3181,HR_DC,-41532.22018599909
T3182,HR_DC,-41532.22018599909
T3183,HR_DC,-41532.22018599909
T3184,HR_DC,-41532.22018599909
T3185,HR_DC,-41532.22018599909
T3186,HR_DC,-41532.22018599909
T3187,HR_DC,-41532.22018599909
T3188,HR_DC,-41532.22018599909
T3189,HR_DC,-41532.22018599909
T3190,HR_DC,-41532.22018599909
T3191,HR_DC,-41532.22018599909
T3192,HR_DC,-41532.22018599909
T3193,HR_DC,-41532.22018599909
T3194,HR_DC,-41532.22018599909
T3195,HR_DC,-41532.22018599909
T3196,HR_DC,-41532.22018599909
T3197,HR_DC,-41532.22018599909
T3198,HR_DC,-41532.22018599909
T3199,HR_DC,-41532.22018599909
T3200,HR_DC,-41532.22018599909
T3201,HR_DC,-41532.22018599909
T3202,HR_DC,-41532.22018599909
T3203,HR_DC,-41532.22018599909
T3204,HR_DC,-41532.22018599909
T3205,HR_DC,-41532.22018599909
T3206,HR_DC,-41532.22018599909
T3207,HR_DC,-41532.22018599909
T3208,HR_DC,-41532.22018599909
T3209,HR_DC,-41532.22018599909
T3210,HR_DC,-41532.22018599909
T3211,HR_DC,-41532.22018599909
T3212,HR_DC,-41532.22018599909
T3213,HR_DC,-41532.22018599909
T3214,HR_DC,-41532.22018599909
T3215,HR_DC,-41532.22018599909
T3216,HR_DC,-41532.22018599909
T3217,HR_DC,-41532.22018599909
T3218,HR_DC,-41532.22018599909
T3219,HR_DC,-41532.22018599909
T3220,HR_DC,-41532.22018599909
T3221,HR_DC,-41532.22018599909
T3222,HR_DC,-41532.22018599909
T3223,HR_DC,-41532.22018599909
T3224,HR_DC,-41532.22018599909
T3225,HR_DC,-41532.22018599909
T3226,HR_DC,-41532.22018599909
T3227,HR_DC,-41532.22018599909
T3228,HR_DC,-41532.22018599909
T3229,HR_DC,-41532.22018599909
T3230,HR_DC,-41532.22018599909
T3231,HR_DC,-41532.22018599909
T3232,HR_DC,-41532.22018599909
T3233,HR_DC,-41532.22018599909
T3234,HR_DC,-41532.22018599909
T3235,HR_DC,-41532.22018599909
T3236,HR_DC,-41532.22018599909
T3237,HR_DC,-41532.22018599909
T3238,HR_DC,-41532.22018599909
T3239,HR_DC,-41532.22018599909
T3240,HR_DC,-41532.22018599909
T3241,HR_DC,-41532.22018599909
T3242,HR_DC,-41532.22018599909
T3243,HR_DC,-41532.22018599909
T3244,HR_DC,-41532.22018599909
T3245,HR_DC,-41532.22018599909
T3246,HR_DC,-41532.22018599909
T3247,HR_DC,-41532.22018599909
T3248,HR_DC,-41532.22018599909
T3249,HR_DC,-41532.22018599909
T3250,HR_DC,-41532.22018599909
T3251,HR_DC,-41532.22018599909
T3252,HR_DC,-41532.22018599909
T3253,HR_DC,-41532.22018599909
T3254,HR_DC,-41532.22018599909
T3255,HR_DC,-41532.22018599909
T3256,HR_DC,-41532.22018599909
T3257,HR_DC,-41532.22018599909
T3258,HR_DC,-41532.22018599909
T3259,HR_DC,-41532.22018599909
T3260,HR_DC,-41532.22018599909
T3261,HR_DC,-41532.22018599909
T3262,HR_DC,-41532.22018599909
T3263,HR_DC,-41532.22018599909
T3264,HR_DC,-41532.22018599909
T3265,HR_DC,-41532.22018599909
T3266,HR_DC,-41532.22018599909
T3267,HR_DC,-41532.22018599909
T3268,HR_DC,-41532.22018599909
T3269,HR_DC,-41532.22018599909
T3270,HR_DC,-41532.22018599909
T3271,HR_DC,-41532.22018599909
T3272,HR_DC,-41532.22018599909
T3273,HR_DC,-41532.22018599909
T3274,HR_DC,-41532.22018599909
T3275,HR_DC,-41532.22018599909
T3276,HR_DC,-41532.22018599909
T3277,HR_DC,-41532.22018599909
T3278,HR_DC,-41532.22018599909
T3279,HR_DC,-41532.22018599909
T3280,HR_DC,-41532.22018599909
T3281,HR_DC,-41532.22018599909
T3282,HR_DC,-41532.22018599909
T3283,HR_DC,-41532.22018599909
T3284,HR_DC,-41532.22018599909
T3285,HR_DC,-41532.22018599909
T3286,HR_DC,-41532.22018599909
T3287,HR_DC,-41532.22018599909
T3288,HR_DC,-41532.22018599909
T3289,HR_DC,-41532.22018599909
T3290,HR_DC,-41532.22018599909
T3291,HR_DC,-41532.22018599909
T3292,HR_DC,-41532.22018599909
T3293,HR_DC,-41532.22018599909
T3294,HR_DC,-41532.22018599909
T3295,HR_DC,-41532.22018599909
T3296,HR_DC,-41532.22018599909
T3297,HR_DC,-41532.22018599909
T3298,HR_DC,-41532.22018599909
T3299,HR_DC,-41532.22018599909
T3300,HR_DC,-41532.22018599909
T3301,HR_DC,-41532.22018599909
T3302,HR_DC,-41532.22018599909
T3303,HR_DC,-41532.22018599909
T3304,HR_DC,-41532.22018599909
T3305,HR_DC,-41532.22018599909
T3306,HR_DC,-41532.22018599909
T3307,HR_DC,-41532.22018599909
T3308,HR_DC,-41532.22018599909
T3309,HR_DC,-41532.22018599909
T3310,HR_DC,-41532.22018599909
T3311,HR_DC,-41532.22018599909
T3312,HR_DC,-41532.22018599909
T3313,HR_DC,-41532.22018599909
T3314,HR_DC,-41532.22018599909
T3315,HR_DC,-41532.22018599909
T3316,HR_DC,-41532.22018599909
T3317,HR_DC,-41532.22018599909
T3318,HR_DC,-41532.22018599909
T3319,HR_DC,-41532.22018599909
T3320,HR_DC,-41532.22018599909
T3321,HR_DC,-41532.22018599909
T3322,HR_DC,-41532.22018599909
T3323,HR_DC,-41532.22018599909
T3324,HR_DC,-41532.22018599909
T3325,HR_DC,-41532.22018599909
T3326,HR_DC,-41532.22018599909
T3327,HR_DC,-41532.22018599909
T3328,HR_DC,-41532.22018599909
T3329,HR_DC,-41532.22018599909
T3330,HR_DC,-41532.22018599909
T3331,HR_DC,-41532.22018599909
T3332,HR_DC,-41532.22018599909
T3333,HR_DC,-41532.22018599909
T3334,HR_DC,-41532.22018599909
T3335,HR_DC,-41532.22018599909
T3336,HR_DC,-41532.22018599909
T3337,HR_DC,-41532.22018599909
T3338,HR_DC,-41532.22018599909
T3339,HR_DC,-41532.22018599909
T3340,HR_DC,-41532.22018599909
T3341,HR_DC,-41532.22018599909
T3342,HR_DC,-41532.22018599909
T3343,HR_DC,-41532.22018599909
T3344,HR_DC,-41532.22018599909
T3345,HR_DC,-41532.22018599909
T3346,HR_DC,-41532.22018599909
T3347,HR_DC,-41532.22018599909
T3348,HR_DC,-41532.22018599909
T3349,HR_DC,-41532.22018599909
T3350,HR_DC,-41532.22018599909
T3351,HR_DC,-41532.22018599909
T3352,HR_DC,-41532.22018599909
T3353,HR_DC,-41532.22018599909
T3354,HR_DC,-41532.22018599909
T3355,HR_DC,-41532.22018599909
T3356,HR_DC,-41532.22018599909
T3357,HR_DC,-41532.22018599909
T3358,HR_DC,-41532.22018599909
T3359,HR_DC,-41532.22018599909
T3360,HR_DC,-41532.22018599909
T3361,HR_DC,-41532.22018599909
T3362,HR_DC,-41532.22018599909
T3363,HR_DC,-41532.22018599909
T3364,HR_DC,-41532.22018599909
T3365,HR_DC,-41532.22018599909
T3366,HR_DC,-41532.22018599909
T3367,HR_DC,-41532.22018599909
T3368,HR_DC,-41532.22018599909
T3369,HR_DC,-41532.22018599909
T3370,HR_DC,-41532.22018599909
T3371,HR_DC,-41532.22018599909
T3372,HR_DC,-41532.22018599909
T3373,HR_DC,-41532.22018599909
T3374,HR_DC,-41532.22018599909
T3375,HR_DC,-41532.22018599909
T3376,HR_DC,-41532.22018599909
T3377,HR_DC,-41532.22018599909
T3378,HR_DC,-41532.22018599909
T3379,HR_DC,-41532.22018599909
T3380,HR_DC,-41532.22018599909
T3381,HR_DC,-41532.22018599909
T3382,HR_DC,-41532.22018599909
T3383,HR_DC,-41532.22018599909
T3384,HR_DC,-41532.22018599909
T3385,HR_DC,-41532.22018599909
T3386,HR_DC,-41532.22018599909
T3387,HR_DC,-41532.22018599909
T3388,HR_DC,-41532.22018599909
T3389,HR_DC,-41532.22018599909
T3390,HR_DC,-41532.22018599909
T3391,HR_DC,-41532.22018599909
T3392,HR_DC,-41532.22018599909
T3393,HR_DC,-41532.22018599909
T3394,HR_DC,-41532.22018599909
T3395,HR_DC,-41532.22018599909
T3396,HR_DC,-41532.22018599909
T3397,HR_DC,-41532.22018599909
T3398,HR_DC,-41532.22018599909
T3399,HR_DC,-41532.22018599909
T3400,HR_DC,-41532.22018599909
T3401,HR_DC,-41532.22018599909
T3402,HR_DC,-41532.22018599909
T3403,HR_DC,-41532.22018599909
T3404,HR_DC,-41532.22018599909
T3405,HR_DC,-41532.22018599909
T3406,HR_DC,-41532.22018599909
T3407,HR_DC,-41532.22018599909
T3408,HR_DC,-41532.22018599909
T3409,HR_DC,-41532.22018599909
T3410,HR_DC,-41532.22018599909
T3411,HR_DC,-41532.22018599909
T3412,HR_DC,-41532.22018599909
T3413,HR_DC,-41532.22018599909
T3414,HR_DC,-41532.22018599909
T3415,HR_DC,-41532.22018599909
T3416,HR_DC,-41532.22018599909
T3417,HR_DC,-41532.22018599909
T3418,HR_DC,-41532.22018599909
T3419,HR_DC,-41532.22018599909
T3420,HR_DC,-41532.22018599909
T3421,HR_DC,-41532.22018599909
T3422,HR_DC,-41532.22018599909
T3423,HR_DC,-41532.22018599909
T3424,HR_DC,-41532.22018599909
T3425,HR_DC,-41532.22018599909
T3426,HR_DC,-41532.22018599909
T3427,HR_DC,-41532.22018599909
T3428,HR_DC,-41532.22018599909
T3429,HR_DC,-41532.22018599909
T3430,HR_DC,-41532.22018599909
T3431,HR_DC,-41532.22018599909
T3432,HR_DC,-41532.22018599909
T3433,HR_DC,-41532.22018599909
T3434,HR_DC,-41532.22018599909
T3435,HR_DC,-41532.22018599909
T3436,HR_DC,-41532.22018599909
T3437,HR_DC,-41532.22018599909
T3438,HR_DC,-41532.22018599909
T3439,HR_DC,-41532.22018599909
T3440,HR_DC,-41532.22018599909
T3441,HR_DC,-41532.22018599909
T3442,HR_DC,-41532.22018599909
T3443,HR_DC,-41532.22018599909
T3444,HR_DC,-41532.22018599909
T3445,HR_DC,-41532.22018599909
T3446,HR_DC,-41532.22018599909
T3447,HR_DC,-41532.22018599909
T3448,HR_DC,-41532.22018599909
T3449,HR_DC,-41532.22018599909
T3450,HR_DC,-41532.22018599909
T3451,HR_DC,-41532.22018599909
T3452,HR_DC,-41532.22018599909
T3453,HR_DC,-41532.22018599909
T3454,HR_DC,-41532.22018599909
T3455,HR_DC,-41532.22018599909
T3456,HR_DC,-41532.22018599909
T3457,HR_DC,-41532.22018599909
T3458,HR_DC,-41532.22018599909
T3459,HR_DC,-41532.22018599909
T3460,HR_DC,-41532.22018599909
T3461,HR_DC,-41532.22018599909
T3462,HR_DC,-41532.22018599909
T3463,HR_DC,-41532.22018599909
T3464,HR_DC,-41532.22018599909
T3465,HR_DC,-41532.22018599909
T3466,HR_DC,-41532.22018599909
T3467,HR_DC,-41532.22018599909
T3468,HR_DC,-41532.22018599909
T3469,HR_DC,-41532.22018599909
T3470,HR_DC,-41532.22018599909
T3471,HR_DC,-41532.22018599909
T3472,HR_DC,-41532.22018599909
T3473,HR_DC,-41532.22018599909
T3474,HR_DC,-41532.22018599909
T3475,HR_DC,-41532.22018599909
T3476,HR_DC,-41532.22018599909
T3477,HR_DC,-41532.22018599909
T3478,HR_DC,-41532.22018599909
T3479,HR_DC,-41532.22018599909
T3480,HR_DC,-41532.22018599909
T3481,HR_DC,-41532.22018599909
T3482,HR_DC,-41532.22018599909
T3483,HR_DC,-41532.22018599909
T3484,HR_DC,-41532.22018599909
T3485,HR_DC,-41532.22018599909
T3486,HR_DC,-41532.22018599909
T3487,HR_DC,-41532.22018599909
T3488,HR_DC,-41532.22018599909
T3489,HR_DC,-41532.22018599909
T3490,HR_DC,-41532.22018599909
T3491,HR_DC,-41532.22018599909
T3492,HR_DC,-41532.22018599909
T3493,HR_DC,-41532.22018599909
T3494,HR_DC,-41532.22018599909
T3495,HR_DC,-41532.22018599909
T3496,HR_DC,-41532.22018599909
T3497,HR_DC,-41532.22018599909
T3498,HR_DC,-41532.22018599909
T3499,HR_DC,-41532.22018599909
T3500,HR_DC,-41532.22018599909
T3501,HR_DC,-41532.22018599909
T3502,HR_DC,-41532.22018599909
T3503,HR_DC,-41532.22018599909
T3504,HR_DC,-41532.22018599909
T3505,HR_DC,-41532.22018599909
T3506,HR_DC,-41532.22018599909
T3507,HR_DC,-41532.22018599909
T3508,HR_DC,-41532.22018599909
T3509,HR_DC,-41532.22018599909
T3510,HR_DC,-41532.22018599909
T3511,HR_DC,-41532.22018599909
T3512,HR_DC,-41532.22018599909
T3513,HR_DC,-41532.22018599909
T3514,HR_DC,-41532.22018599909
T3515,HR_DC,-41532.22018599909
T3516,HR_DC,-41532.22018599909
T3517,HR_DC,-41532.22018599909
T3518,HR_DC,-41532.22018599909
T3519,HR_DC,-41532.22018599909
T3520,HR_DC,-41532.22018599909
T3521,HR_DC,-41532.22018599909
T3522,HR_DC,-41532.22018599909
T3523,HR_DC,-41532.22018599909
T3524,HR_DC,-41532.22018599909
T3525,HR_DC,-41532.22018599909
T3526,HR_DC,-41532.22018599909
T3527,HR_DC,-41532.22018599909
T3528,HR_DC,-41532.22018599909
T3529,HR_DC,-41532.22018599909
T3530,HR_DC,-41532.22018599909
T3531,HR_DC,-41532.22018599909
T3532,HR_DC,-41532.22018599909
T3533,HR_DC,-41532.22018599909
T3534,HR_DC,-41532.22018599909
T3535,HR_DC,-41532.22018599909
T3536,HR_DC,-41532.22018599909
T3537,HR_DC,-41532.22018599909
T3538,HR_DC,-41532.22018599909
T3539,HR_DC,-41532.22018599909
T3540,HR_DC,-41532.22018599909
T3541,HR_DC,-41532.22018599909
T3542,HR_DC,-41532.22018599909
T3543,HR_DC,-41532.22018599909
T3544,HR_DC,-41532.22018599909
T3545,HR_DC,-41532.22018599909
T3546,HR_DC,-41532.22018599909
T3547,HR_DC,-41532.22018599909
T3548,HR_DC,-41532.22018599909
T3549,HR_DC,-41532.22018599909
T3550,HR_DC,-41532.22018599909
T3551,HR_DC,-41532.22018599909
T3552,HR_DC,-41532.22018599909
T3553,HR_DC,-41532.22018599909
T3554,HR_DC,-41532.22018599909
T3555,HR_DC,-41532.22018599909
T3556,HR_DC,-41532.22018599909
T3557,HR_DC,-41532.22018599909
T3558,HR_DC,-41532.22018599909
T3559,HR_DC,-41532.22018599909
T3560,HR_DC,-41532.22018599909
T3561,HR_DC,-41532.22018599909
T3562,HR_DC,-41532.22018599909
T3563,HR_DC,-41532.22018599909
T3564,HR_DC,-41532.22018599909
T3565,HR_DC,-41532.22018599909
T3566,HR_DC,-41532.22018599909
T3567,HR_DC,-41532.22018599909
T3568,HR_DC,-41532.22018599909
T3569,HR_DC,-41532.22018599909
T3570,HR_DC,-41532.22018599909
T3571,HR_DC,-41532.22018599909
T3572,HR_DC,-41532.22018599909
T3573,HR_DC,-41532.22018599909
T3574,HR_DC,-41532.22018599909
T3575,HR_DC,-41532.22018599909
T3576,HR_DC,-41532.22018599909
T3577,HR_DC,-41532.22018599909
T3578,HR_DC,-41532.22018599909
T3579,HR_DC,-41532.22018599909
T3580,HR_DC,-41532.22018599909
T3581,HR_DC,-41532.22018599909
T3582,HR_DC,-41532.22018599909
T3583,HR_DC,-41532.22018599909
T3584,HR_DC,-41532.22018599909
T3585,HR_DC,-41532.22018599909
T3586,HR_DC,-41532.22018599909
T3587,HR_DC,-41532.22018599909
T3588,HR_DC,-41532.22018599909
T3589,HR_DC,-41532.22018599909
T3590,HR_DC,-41532.22018599909
T3591,HR_DC,-41532.22018599909
T3592,HR_DC,-41532.22018599909
T3593,HR_DC,-41532.22018599909
T3594,HR_DC,-41532.22018599909
T3595,HR_DC,-41532.22018599909
T3596,HR_DC,-41532.22018599909
T3597,HR_DC,-41532.22018599909
T3598,HR_DC,-41532.22018599909
T3599,HR_DC,-41532.22018599909
T3600,HR_DC,-41532.22018599909
T3601,HR_DC,-41532.22018599909
T3602,HR_DC,-41532.22018599909
T3603,HR_DC,-41532.22018599909
T3604,HR_DC,-41532.22018599909
T3605,HR_DC,-41532.22018599909
T3606,HR_DC,-41532.22018599909
T3607,HR_DC,-41532.22018599909
T3608,HR_DC,-41532.22018599909
T3609,HR_DC,-41532.22018599909
T3610,HR_DC,-41532.22018599909
T3611,HR_DC,-41532.22018599909
T3612,HR_DC,-41532.22018599909
T3613,HR_DC,-41532.22018599909
T3614,HR_DC,-41532.22018599909
T3615,HR_DC,-41532.22018599909
T3616,HR_DC,-41532.22018599909
T3617,HR_DC,-41532.22018599909
T3618,HR_DC,-41532.22018599909
T3619,HR_DC,-41532.22018599909
T3620,HR_DC,-41532.22018599909
T3621,HR_DC,-41532.22018599909
T3622,HR_DC,-41532.22018599909
T3623,HR_DC,-41532.22018599909
T3624,HR_DC,-41532.22018599909
T3625,HR_DC,-41532.22018599909
T3626,HR_DC,-41532.22018599909
T3627,HR_DC,-41532.22018599909
T3628,HR_DC,-41532.22018599909
T3629,HR_DC,-41532.22018599909
T3630,HR_DC,-41532.22018599909
T3631,HR_DC,-41532.22018599909
T3632,HR_DC,-41532.22018599909
T3633,HR_DC,-41532.22018599909
T3634,HR_DC,-41532.22018599909
T3635,HR_DC,-41532.22018599909
T3636,HR_DC,-41532.22018599909
T3637,HR_DC,-41532.22018599909
T3638,HR_DC,-41532.22018599909
T3639,HR_DC,-41532.22018599909
T3640,HR_DC,-41532.22018599909
T3641,HR_DC,-41532.22018599909
T3642,HR_DC,-41532.22018599909
T3643,HR_DC,-41532.22018599909
T3644,HR_DC,-41532.22018599909
T3645,HR_DC,-41532.22018599909
T3646,HR_DC,-41532.22018599909
T3647,HR_DC,-41532.22018599909
T3648,HR_DC,-41532.22018599909
T3649,HR_DC,-41532.22018599909
T3650,HR_DC,-41532.22018599909
T3651,HR_DC,-41581.7827884011
T3652,HR_DC,-41581.7827884011
T3653,HR_DC,-41581.7827884011
T3654,HR_DC,-41581.7827884011
T3655,HR_DC,-41581.7827884011
T3656,HR_DC,-41581.7827884011
T3657,HR_DC,-41581.7827884011
T3658,HR_DC,-41581.7827884011
T3659,HR_DC,-41581.7827884011
T3660,HR_DC,-41581.7827884011
T3661,HR_DC,-41581.7827884011
T3662,HR_DC,-41581.7827884011
T3663,HR_DC,-41581.7827884011
T3664,HR_DC,-41581.7827884011
T3665,HR_DC,-41581.7827884011
T3666,HR_DC,-41581.7827884011
T3667,HR_DC,-41581.7827884011
T3668,HR_DC,-41581.7827884011
T3669,HR_DC,-41581.7827884011
T3670,HR_DC,-41581.7827884011
T3671,HR_DC,-41581.7827884011
T3672,HR_DC,-41581.7827884011
T3673,HR_DC,-41581.7827884011
T3674,HR_DC,-41581.7827884011
T3675,HR_DC,-41581.7827884011
T3676,HR_DC,-41581.7827884011
T3677,HR_DC,-41581.7827884011
T3678,HR_DC,-41581.7827884011
T3679,HR_DC,-41581.7827884011
T3680,HR_DC,-41581.7827884011
T3681,HR_DC,-41581.7827884011
T3682,HR_DC,-41581.7827884011
T3683,HR_DC,-41581.7827884011
T3684,HR_DC,-41581.7827884011
T3685,HR_DC,-41581.7827884011
T3686,HR_DC,-41581.7827884011
T3687,HR_DC,-41581.7827884011
T3688,HR_DC,-41581.7827884011
T3689,HR_DC,-41581.7827884011
T3690,HR_DC,-41581.7827884011
T3691,HR_DC,-41581.7827884011
T3692,HR_DC,-41581.7827884011
T3693,HR_DC,-41581.7827884011
T3694,HR_DC,-41581.7827884011
T3695,HR_DC,-41581.7827884011
T3696,HR_DC,-41581.7827884011
T3697,HR_DC,-41581.7827884011
T3698,HR_DC,-41581.7827884011
T3699,HR_DC,-41581.7827884011
T3700,HR_DC,-41581.7827884011
T3701,HR_DC,-41581.7827884011
T3702,HR_DC,-41581.7827884011
T3703,HR_DC,-41581.7827884011
T3704,HR_DC,-41581.7827884011
T3705,HR_DC,-41581.7827884011
T3706,HR_DC,-41581.7827884011
T3707,HR_DC,-41581.7827884011
T3708,HR_DC,-41581.7827884011
T3709,HR_DC,-41581.7827884011
T3710,HR_DC,-41581.7827884011
T3711,HR_DC,-41581.7827884011
T3712,HR_DC,-41581.7827884011
T3713,HR_DC,-41581.7827884011
T3714,HR_DC,-41581.7827884011
T3715,HR_DC,-41581.7827884011
T3716,HR_DC,-41581.7827884011
T3717,HR_DC,-41581.7827884011
T3718,HR_DC,-41581.7827884011
T3719,HR_DC,-41581.7827884011
T3720,HR_DC,-41581.7827884011
T3721,HR_DC,-41581.7827884011
T3722,HR_DC,-41581.7827884011
T3723,HR_DC,-41581.7827884011
T3724,HR_DC,-41581.7827884011
T3725,HR_DC,-41581.7827884011
T3726,HR_DC,-41581.7827884011
T3727,HR_DC,-41581.7827884011
T3728,HR_DC,-41581.7827884011
T3729,HR_DC,-41581.7827884011
T3730,HR_DC,-41581.7827884011
T3731,HR_DC,-41581.7827884011
T3732,HR_DC,-41581.7827884011
T3733,HR_DC,-41581.7827884011
T3734,HR_DC,-41581.7827884011
T3735,HR_DC,-41581.7827884011
T3736,HR_DC,-41581.7827884011
T3737,HR_DC,-41581.7827884011
T3738,HR_DC,-41581.7827884011
T3739,HR_DC,-41581.7827884011
T3740,HR_DC,-41581.7827884011
T3741,HR_DC,-41581.7827884011
T3742,HR_DC,-41581.7827884011
T3743,HR_DC,-41581.7827884011
T3744,HR_DC,-41581.7827884011
T3745,HR_DC,-41581.7827884011
T3746,HR_DC,-41581.7827884011
T3747,HR_DC,-41581.7827884011
T3748,HR_DC,-41581.7827884011
T3749,HR_DC,-41581.7827884011
T3750,HR_DC,-41581.7827884011
T3751,HR_DC,-41581.7827884011
T3752,HR_DC,-41581.7827884011
T3753,HR_DC,-41581.7827884011
T3754,HR_DC,-41581.7827884011
T3755,HR_DC,-41581.7827884011
T3756,HR_DC,-41581.7827884011
T3757,HR_DC,-41581.7827884011
T3758,HR_DC,-41581.7827884011
T3759,HR_DC,-41581.7827884011
T3760,HR_DC,-41581.7827884011
T3761,HR_DC,-41581.7827884011
T3762,HR_DC,-41581.7827884011
T3763,HR_DC,-41581.7827884011
T3764,HR_DC,-41581.7827884011
T3765,HR_DC,-41581.7827884011
T3766,HR_DC,-41581.7827884011
T3767,HR_DC,-41581.7827884011
T3768,HR_DC,-41581.7827884011
T3769,HR_DC,-41581.7827884011
T3770,HR_DC,-41581.7827884011
T3771,HR_DC,-41581.7827884011
T3772,HR_DC,-41581.7827884011
T3773,HR_DC,-41581.7827884011
T3774,HR_DC,-41581.7827884011
T3775,HR_DC,-41581.7827884011
T3776,HR_DC,-41581.7827884011
T3777,HR_DC,-41581.7827884011
T3778,HR_DC,-41581.7827884011
T3779,HR_DC,-41581.7827884011
T3780,HR_DC,-41581.7827884011
T3781,HR_DC,-41581.7827884011
T3782,HR_DC,-41581.7827884011
T3783,HR_DC,-41581.7827884011
T3784,HR_DC,-41581.7827884011
T3785,HR_DC,-41581.7827884011
T3786,HR_DC,-41581.7827884011
T3787,HR_DC,-41581.7827884011
T3788,HR_DC,-41581.7827884011
T3789,HR_DC,-41581.7827884011
T3790,HR_DC,-41581.7827884011
T3791,HR_DC,-41581.7827884011
T3792,HR_DC,-41581.7827884011
T3793,HR_DC,-41581.7827884011
T3794,HR_DC,-41581.7827884011
T3795,HR_DC,-41581.7827884011
T3796,HR_DC,-41581.7827884011
T3797,HR_DC,-41581.7827884011
T3798,HR_DC,-41581.7827884011
T3799,HR_DC,-41581.7827884011
T3800,HR_DC,-41581.7827884011
T3801,HR_DC,-41581.7827884011
T3802,HR_DC,-41581.7827884011
T3803,HR_DC,-41581.7827884011
T3804,HR_DC,-41581.7827884011
T3805,HR_DC,-41581.7827884011
T3806,HR_DC,-41581.7827884011
T3807,HR_DC,-41581.7827884011
T3808,HR_DC,-41581.7827884011
T3809,HR_DC,-41581.7827884011
T3810,HR_DC,-41581.7827884011
T3811,HR_DC,-41581.7827884011
T3812,HR_DC,-41581.7827884011
T3813,HR_DC,-41581.7827884011
T3814,HR_DC,-41581.7827884011
T3815,HR_DC,-41581.7827884011
T3816,HR_DC,-41581.7827884011
T3817,HR_DC,-41581.7827884011
T3818,HR_DC,-41581.7827884011
T3819,HR_DC,-41581.7827884011
T3820,HR_DC,-41581.7827884011
T3821,HR_DC,-41581.7827884011
T3822,HR_DC,-41581.7827884011
T3823,HR_DC,-41581.7827884011
T3824,HR_DC,-41581.7827884011
T3825,HR_DC,-41581.7827884011
T3826,HR_DC,-41581.7827884011
T3827,HR_DC,-41581.7827884011
T3828,HR_DC,-41581.7827884011
T3829,HR_DC,-41581.7827884011
T3830,HR_DC,-41581.7827884011
T3831,HR_DC,-41581.7827884011
T3832,HR_DC,-41581.7827884011
T3833,HR_DC,-41581.7827884011
T3834,HR_DC,-41581.7827884011
T3835,HR_DC,-41581.7827884011
T3836,HR_DC,-41581.7827884011
T3837,HR_DC,-41581.7827884011
T3838,HR_DC,-41581.7827884011
T3839,HR_DC,-41581.7827884011
T3840,HR_DC,-41581.7827884011
T3841,HR_DC,-41581.7827884011
T3842,HR_DC,-41581.7827884011
T3843,HR_DC,-41581.7827884011
T3844,HR_DC,-41581.7827884011
T3845,HR_DC,-41581.7827884011
T3846,HR_DC,-41581.7827884011
T3847,HR_DC,-41581.7827884011
T3848,HR_DC,-41581.7827884011
T3849,HR_DC,-41581.7827884011
T3850,HR_DC,-41581.7827884011
T3851,HR_DC,-41581.7827884011
T3852,HR_DC,-41581.7827884011
T3853,HR_DC,-41581.7827884011
T3854,HR_DC,-41581.7827884011
T3855,HR_DC,-41581.7827884011
T3856,HR_DC,-41581.7827884011
T3857,HR_DC,-41581.7827884011
T3858,HR_DC,-41581.7827884011
T3859,HR_DC,-41581.7827884011
T3860,HR_DC,-41581.7827884011
T3861,HR_DC,-41581.7827884011
T3862,HR_DC,-41581.7827884011
T3863,HR_DC,-41581.7827884011
T3864,HR_DC,-41581.7827884011
T3865,HR_DC,-41581.7827884011
T3866,HR_DC,-41581.7827884011
T3867,HR_DC,-41581.7827884011
T3868,HR_DC,-41581.7827884011
T3869,HR_DC,-41581.7827884011
T3870,HR_DC,-41581.7827884011
T3871,HR_DC,-41581.7827884011
T3872,HR_DC,-41581.7827884011
T3873,HR_DC,-41581.7827884011
T3874,HR_DC,-41581.7827884011
T3875,HR_DC,-41581.7827884011
T3876,HR_DC,-41581.7827884011
T3877,HR_DC,-41581.7827884011
T3878,HR_DC,-41581.7827884011
T3879,HR_DC,-41581.7827884011
T3880,HR_DC,-41581.7827884011
T3881,HR_DC,-41581.7827884011
T3882,HR_DC,-41581.7827884011
T3883,HR_DC,-41581.7827884011
T3884,HR_DC,-41581.7827884011
T3885,HR_DC,-41581.7827884011
T3886,HR_DC,-41581.7827884011
T3887,HR_DC,-41581.7827884011
T3888,HR_DC,-41581.7827884011
T3889,HR_DC,-41581.7827884011
T3890,HR_DC,-41581.7827884011
T3891,HR_DC,-41581.7827884011
T3892,HR_DC,-41581.7827884011
T3893,HR_DC,-41581.7827884011
T3894,HR_DC,-41581.7827884011
T3895,HR_DC,-41581.7827884011
T3896,HR_DC,-41581.7827884011
T3897,HR_DC,-41581.7827884011
T3898,HR_DC,-41581.7827884011
T3899,HR_DC,-41581.7827884011
T3900,HR_DC,-41581.7827884011
T3901,HR_DC,-41581.7827884011
T3902,HR_DC,-41581.7827884011
T3903,HR_DC,-41581.7827884011
T3904,HR_DC,-41581.7827884011
T3905,HR_DC,-41581.7827884011
T3906,HR_DC,-41581.7827884011
T3907,HR_DC,-41581.7827884011
T3908,HR_DC,-41581.7827884011
T3909,HR_DC,-41581.7827884011
T3910,HR_DC,-41581.7827884011
T3911,HR_DC,-41581.7827884011
T3912,HR_DC,-41581.7827884011
T3913,HR_DC,-41581.7827884011
T3914,HR_DC,-41581.7827884011
T3915,HR_DC,-41581.7827884011
T3916,HR_DC,-41581.7827884011
T3917,HR_DC,-41581.7827884011
T3918,HR_DC,-41581.7827884011
T3919,HR_DC,-41581.7827884011
T3920,HR_DC,-41581.7827884011
T3921,HR_DC,-41581.7827884011
T3922,HR_DC,-41581.7827884011
T3923,HR_DC,-41581.7827884011
T3924,HR_DC,-41581.7827884011
T3925,HR_DC,-41581.7827884011
T3926,HR_DC,-41581.7827884011
T3927,HR_DC,-41581.7827884011
T3928,HR_DC,-41581.7827884011
T3929,HR_DC,-41581.7827884011
T3930,HR_DC,-41581.7827884011
T3931,HR_DC,-41581.7827884011
T3932,HR_DC,-41581.7827884011
T3933,HR_DC,-41581.7827884011
T3934,HR_DC,-41581.7827884011
T3935,HR_DC,-41581.7827884011
T3936,HR_DC,-41581.7827884011
T3937,HR_DC,-41581.7827884011
T3938,HR_DC,-41581.7827884011
T3939,HR_DC,-41581.7827884011
T3940,HR_DC,-41581.7827884011
T3941,HR_DC,-41581.7827884011
T3942,HR_DC,-41581.7827884011
T3943,HR_DC,-41581.7827884011
T3944,HR_DC,-41581.7827884011
T3945,HR_DC,-41581.7827884011
T3946,HR_DC,-41581.7827884011
T3947,HR_DC,-41581.7827884011
T3948,HR_DC,-41581.7827884011
T3949,HR_DC,-41581.7827884011
T3950,HR_DC,-41581.7827884011
T3951,HR_DC,-41581.7827884011
T3952,HR_DC,-41581.7827884011
T3953,HR_DC,-41581.7827884011
T3954,HR_DC,-41581.7827884011
T3955,HR_DC,-41581.7827884011
T3956,HR_DC,-41581.7827884011
T3957,HR_DC,-41581.7827884011
T3958,HR_DC,-41581.7827884011
T3959,HR_DC,-41581.7827884011
T3960,HR_DC,-41581.7827884011
T3961,HR_DC,-41581.7827884011
T3962,HR_DC,-41581.7827884011
T3963,HR_DC,-41581.7827884011
T3964,HR_DC,-41581.7827884011
T3965,HR_DC,-41581.7827884011
T3966,HR_DC,-41581.7827884011
T3967,HR_DC,-41581.7827884011
T3968,HR_DC,-41581.7827884011
T3969,HR_DC,-41581.7827884011
T3970,HR_DC,-41581.7827884011
T3971,HR_DC,-41581.7827884011
T3972,HR_DC,-41581.7827884011
T3973,HR_DC,-41581.7827884011
T3974,HR_DC,-41581.7827884011
T3975,HR_DC,-41581.7827884011
T3976,HR_DC,-41581.7827884011
T3977,HR_DC,-41581.7827884011
T3978,HR_DC,-41581.7827884011
T3979,HR_DC,-41581.7827884011
T3980,HR_DC,-41581.7827884011
T3981,HR_DC,-41581.7827884011
T3982,HR_DC,-41581.7827884011
T3983,HR_DC,-41581.7827884011
T3984,HR_DC,-41581.7827884011
T3985,HR_DC,-41581.7827884011
T3986,HR_DC,-41581.7827884011
T3987,HR_DC,-41581.7827884011
T3988,HR_DC,-41581.7827884011
T3989,HR_DC,-41581.7827884011
T3990,HR_DC,-41581.7827884011
T3991,HR_DC,-41581.7827884011
T3992,HR_DC,-41581.7827884011
T3993,HR_DC,-41581.7827884011
T3994,HR_DC,-41581.7827884011
T3995,HR_DC,-41581.7827884011
T3996,HR_DC,-41581.7827884011
T3997,HR_DC,-41581.7827884011
T3998,HR_DC,-41581.7827884011
T3999,HR_DC,-41581.7827884011
T4000,HR_DC,-41581.7827884011
T4001,HR_DC,-41581.7827884011
T4002,HR_DC,-41581.7827884011
T4003,HR_DC,-41581.7827884011
T4004,HR_DC,-41581.7827884011
T4005,HR_DC,-41581.7827884011
T4006,HR_DC,-41581.7827884011
T4007,HR_DC,-41581.7827884011
T4008,HR_DC,-41581.7827884011
T4009,HR_DC,-41581.7827884011
T4010,HR_DC,-41581.7827884011
T4011,HR_DC,-41581.7827884011
T4012,HR_DC,-41581.7827884011
T4013,HR_DC,-41581.7827884011
T4014,HR_DC,-41581.7827884011
T4015,HR_DC,-41581.7827884011
T4016,HR_DC,-41581.7827884011
T4017,HR_DC,-41581.7827884011
T4018,HR_DC,-41581.7827884011
T4019,HR_DC,-41581.7827884011
T4020,HR_DC,-41581.7827884011
T4021,HR_DC,-41581.7827884011
T4022,HR_DC,-41581.7827884011
T4023,HR_DC,-41581.7827884011
T4024,HR_DC,-41581.7827884011
T4025,HR_DC,-41581.7827884011
T4026,HR_DC,-41581.7827884011
T4027,HR_DC,-41581.7827884011
T4028,HR_DC,-41581.7827884011
T4029,HR_DC,-41581.7827884011
T4030,HR_DC,-41581.7827884011
T4031,HR_DC,-41581.7827884011
T4032,HR_DC,-41581.7827884011
T4033,HR_DC,-41581.7827884011
T4034,HR_DC,-41581.7827884011
T4035,HR_DC,-41581.7827884011
T4036,HR_DC,-41581.7827884011
T4037,HR_DC,-41581.7827884011
T4038,HR_DC,-41581.7827884011
T4039,HR_DC,-41581.7827884011
T4040,HR_DC,-41581.7827884011
T4041,HR_DC,-41581.7827884011
T4042,HR_DC,-41581.7827884011
T4043,HR_DC,-41581.7827884011
T4044,HR_DC,-41581.7827884011
T4045,HR_DC,-41581.7827884011
T4046,HR_DC,-41581.7827884011
T4047,HR_DC,-41581.7827884011
T4048,HR_DC,-41581.7827884011
T4049,HR_DC,-41581.7827884011
T4050,HR_DC,-41581.7827884011
T4051,HR_DC,-41581.7827884011
T4052,HR_DC,-41581.7827884011
T4053,HR_DC,-41581.7827884011
T4054,HR_DC,-41581.7827884011
T4055,HR_DC,-41581.7827884011
T4056,HR_DC,-41581.7827884011
T4057,HR_DC,-41581.7827884011
T4058,HR_DC,-41581.7827884011
T4059,HR_DC,-41581.7827884011
T4060,HR_DC,-41581.7827884011
T4061,HR_DC,-41581.7827884011
T4062,HR_DC,-41581.7827884011
T4063,HR_DC,-41581.7827884011
T4064,HR_DC,-41581.7827884011
T4065,HR_DC,-41581.7827884011
T4066,HR_DC,-41581.7827884011
T4067,HR_DC,-41581.7827884011
T4068,HR_DC,-41581.7827884011
T4069,HR_DC,-41581.7827884011
T4070,HR_DC,-41581.7827884011
T4071,HR_DC,-41581.7827884011
T4072,HR_DC,-41581.7827884011
T4073,HR_DC,-41581.7827884011
T4074,HR_DC,-41581.7827884011
T4075,HR_DC,-41581.7827884011
T4076,HR_DC,-41581.7827884011
T4077,HR_DC,-41581.7827884011
T4078,HR_DC,-41581.7827884011
T4079,HR_DC,-41581.7827884011
T4080,HR_DC,-41581.7827884011
T4081,HR_DC,-41581.7827884011
T4082,HR_DC,-41581.7827884011
T4083,HR_DC,-41581.7827884011
T4084,HR_DC,-41581.7827884011
T4085,HR_DC,-41581.7827884011
T4086,HR_DC,-41581.7827884011
T4087,HR_DC,-41581.7827884011
T4088,HR_DC,-41581.7827884011
T4089,HR_DC,-41581.7827884011
T4090,HR_DC,-41581.7827884011
T4091,HR_DC,-41581.7827884011
T4092,HR_DC,-41581.7827884011
T4093,HR_DC,-41581.7827884011
T4094,HR_DC,-41581.7827884011
T4095,HR_DC,-41581.7827884011
T4096,HR_DC,-41581.7827884011
T4097,HR_DC,-41581.7827884011
T4098,HR_DC,-41581.7827884011
T4099,HR_DC,-41581.7827884011
T4100,HR_DC,-41581.7827884011
T4101,HR_DC,-41581.7827884011
T4102,HR_DC,-41581.7827884011
T4103,HR_DC,-41581.7827884011
T4104,HR_DC,-41581.7827884011
T4105,HR_DC,-41581.7827884011
T4106,HR_DC,-41581.7827884011
T4107,HR_DC,-41581.7827884011
T4108,HR_DC,-41581.7827884011
T4109,HR_DC,-41581.7827884011
T4110,HR_DC,-41581.7827884011
T4111,HR_DC,-41581.7827884011
T4112,HR_DC,-41581.7827884011
T4113,HR_DC,-41581.7827884011
T4114,HR_DC,-41581.7827884011
T4115,HR_DC,-41581.7827884011
T4116,HR_DC,-41581.7827884011
T4117,HR_DC,-41581.7827884011
T4118,HR_DC,-41581.7827884011
T4119,HR_DC,-41581.7827884011
T4120,HR_DC,-41581.7827884011
T4121,HR_DC,-41581.7827884011
T4122,HR_DC,-41581.7827884011
T4123,HR_DC,-41581.7827884011
T4124,HR_DC,-41581.7827884011
T4125,HR_DC,-41581.7827884011
T4126,HR_DC,-41581.7827884011
T4127,HR_DC,-41581.7827884011
T4128,HR_DC,-41581.7827884011
T4129,HR_DC,-41581.7827884011
T4130,HR_DC,-41581.7827884011
T4131,HR_DC,-41581.7827884011
T4132,HR_DC,-41581.7827884011
T4133,HR_DC,-41581.7827884011
T4134,HR_DC,-41581.7827884011
T4135,HR_DC,-41581.7827884011
T4136,HR_DC,-41581.7827884011
T4137,HR_DC,-41581.7827884011
T4138,HR_DC,-41581.7827884011
T4139,HR_DC,-41581.7827884011
T4140,HR_DC,-41581.7827884011
T4141,HR_DC,-41581.7827884011
T4142,HR_DC,-41581.7827884011
T4143,HR_DC,-41581.7827884011
T4144,HR_DC,-41581.7827884011
T4145,HR_DC,-41581.7827884011
T4146,HR_DC,-41581.7827884011
T4147,HR_DC,-41581.7827884011
T4148,HR_DC,-41581.7827884011
T4149,HR_DC,-41581.7827884011
T4150,HR_DC,-41581.7827884011
T4151,HR_DC,-41581.7827884011
T4152,HR_DC,-41581.7827884011
T4153,HR_DC,-41581.7827884011
T4154,HR_DC,-41581.7827884011
T4155,HR_DC,-41581.7827884011
T4156,HR_DC,-41581.7827884011
T4157,HR_DC,-41581.7827884011
T4158,HR_DC,-41581.7827884011
T4159,HR_DC,-41581.7827884011
T4160,HR_DC,-41581.7827884011
T4161,HR_DC,-41581.7827884011
T4162,HR_DC,-41581.7827884011
T4163,HR_DC,-41581.7827884011
T4164,HR_DC,-41581.7827884011
T4165,HR_DC,-41581.7827884011
T4166,HR_DC,-41581.7827884011
T4167,HR_DC,-41581.7827884011
T4168,HR_DC,-41581.7827884011
T4169,HR_DC,-41581.7827884011
T4170,HR_DC,-41581.7827884011
T4171,HR_DC,-41581.7827884011
T4172,HR_DC,-41581.7827884011
T4173,HR_DC,-41581.7827884011
T4174,HR_DC,-41581.7827884011
T4175,HR_DC,-41581.7827884011
T4176,HR_DC,-41581.7827884011
T4177,HR_DC,-41581.7827884011
T4178,HR_DC,-41581.7827884011
T4179,HR_DC,-41581.7827884011
T4180,HR_DC,-41581.7827884011
T4181,HR_DC,-41581.7827884011
T4182,HR_DC,-41581.7827884011
T4183,HR_DC,-41581.7827884011
T4184,HR_DC,-41581.7827884011
T4185,HR_DC,-41581.7827884011
T4186,HR_DC,-41581.7827884011
T4187,HR_DC,-41581.7827884011
T4188,HR_DC,-41581.7827884011
T4189,HR_DC,-41581.7827884011
T4190,HR_DC,-41581.7827884011
T4191,HR_DC,-41581.7827884011
T4192,HR_DC,-41581.7827884011
T4193,HR_DC,-41581.7827884011
T4194,HR_DC,-41581.7827884011
T4195,HR_DC,-41581.7827884011
T4196,HR_DC,-41581.7827884011
T4197,HR_DC,-41581.7827884011
T4198,HR_DC,-41581.7827884011
T4199,HR_DC,-41581.7827884011
T4200,HR_DC,-41581.7827884011
T4201,HR_DC,-41581.7827884011
T4202,HR_DC,-41581.7827884011
T4203,HR_DC,-41581.7827884011
T4204,HR_DC,-41581.7827884011
T4205,HR_DC,-41581.7827884011
T4206,HR_DC,-41581.7827884011
T4207,HR_DC,-41581.7827884011
T4208,HR_DC,-41581.7827884011
T4209,HR_DC,-41581.7827884011
T4210,HR_DC,-41581.7827884011
T4211,HR_DC,-41581.7827884011
T4212,HR_DC,-41581.7827884011
T4213,HR_DC,-41581.7827884011
T4214,HR_DC,-41581.7827884011
T4215,HR_DC,-41581.7827884011
T4216,HR_DC,-41581.7827884011
T4217,HR_DC,-41581.7827884011
T4218,HR_DC,-41581.7827884011
T4219,HR_DC,-41581.7827884011
T4220,HR_DC,-41581.7827884011
T4221,HR_DC,-41581.7827884011
T4222,HR_DC,-41581.7827884011
T4223,HR_DC,-41581.7827884011
T4224,HR_DC,-41581.7827884011
T4225,HR_DC,-41581.7827884011
T4226,HR_DC,-41581.7827884011
T4227,HR_DC,-41581.7827884011
T4228,HR_DC,-41581.7827884011
T4229,HR_DC,-41581.7827884011
T4230,HR_DC,-41581.7827884011
T4231,HR_DC,-41581.7827884011
T4232,HR_DC,-41581.7827884011
T4233,HR_DC,-41581.7827884011
T4234,HR_DC,-41581.7827884011
T4235,HR_DC,-41581.7827884011
T4236,HR_DC,-41581.7827884011
T4237,HR_DC,-41581.7827884011
T4238,HR_DC,-41581.7827884011
T4239,HR_DC,-41581.7827884011
T4240,HR_DC,-41581.7827884011
T4241,HR_DC,-41581.7827884011
T4242,HR_DC,-41581.7827884011
T4243,HR_DC,-41581.7827884011
T4244,HR_DC,-41581.7827884011
T4245,HR_DC,-41581.7827884011
T4246,HR_DC,-41581.7827884011
T4247,HR_DC,-41581.7827884011
T4248,HR_DC,-41581.7827884011
T4249,HR_DC,-41581.7827884011
T4250,HR_DC,-41581.7827884011
T4251,HR_DC,-41581.7827884011
T4252,HR_DC,-41581.7827884011
T4253,HR_DC,-41581.7827884011
T4254,HR_DC,-41581.7827884011
T4255,HR_DC,-41581.7827884011
T4256,HR_DC,-41581.7827884011
T4257,HR_DC,-41581.7827884011
T4258,HR_DC,-41581.7827884011
T4259,HR_DC,-41581.7827884011
T4260,HR_DC,-41581.7827884011
T4261,HR_DC,-41581.7827884011
T4262,HR_DC,-41581.7827884011
T4263,HR_DC,-41581.7827884011
T4264,HR_DC,-41581.7827884011
T4265,HR_DC,-41581.7827884011
T4266,HR_DC,-41581.7827884011
T4267,HR_DC,-41581.7827884011
T4268,HR_DC,-41581.7827884011
T4269,HR_DC,-41581.7827884011
T4270,HR_DC,-41581.7827884011
T4271,HR_DC,-41581.7827884011
T4272,HR_DC,-41581.7827884011
T4273,HR_DC,-41581.7827884011
T4274,HR_DC,-41581.7827884011
T4275,HR_DC,-41581.7827884011
T4276,HR_DC,-41581.7827884011
T4277,HR_DC,-41581.7827884011
T4278,HR_DC,-41581.7827884011
T4279,HR_DC,-41581.7827884011
T4280,HR_DC,-41581.7827884011
T4281,HR_DC,-41581.7827884011
T4282,HR_DC,-41581.7827884011
T4283,HR_DC,-41581.7827884011
T4284,HR_DC,-41581.7827884011
T4285,HR_DC,-41581.7827884011
T4286,HR_DC,-41581.7827884011
T4287,HR_DC,-41581.7827884011
T4288,HR_DC,-41581.7827884011
T4289,HR_DC,-41581.7827884011
T4290,HR_DC,-41581.7827884011
T4291,HR_DC,-41581.7827884011
T4292,HR_DC,-41581.7827884011
T4293,HR_DC,-41581.7827884011
T4294,HR_DC,-41581.7827884011
T4295,HR_DC,-41581.7827884011
T4296,HR_DC,-41581.7827884011
T4297,HR_DC,-41581.7827884011
T4298,HR_DC,-41581.7827884011
T4299,HR_DC,-41581.7827884011
T4300,HR_DC,-41581.7827884011
T4301,HR_DC,-41581.7827884011
T4302,HR_DC,-41581.7827884011
T4303,HR_DC,-41581.7827884011
T4304,HR_DC,-41581.7827884011
T4305,HR_DC,-41581.7827884011
T4306,HR_DC,-41581.7827884011
T4307,HR_DC,-41581.7827884011
T4308,HR_DC,-41581.7827884011
T4309,HR_DC,-41581.7827884011
T4310,HR_DC,-41581.7827884011
T4311,HR_DC,-41581.7827884011
T4312,HR_DC,-41581.7827884011
T4313,HR_DC,-41581.7827884011
T4314,HR_DC,-41581.7827884011
T4315,HR_DC,-41581.7827884011
T4316,HR_DC,-41581.7827884011
T4317,HR_DC,-41581.7827884011
T4318,HR_DC,-41581.7827884011
T4319,HR_DC,-41581.7827884011
T4320,HR_DC,-41581.7827884011
T4321,HR_DC,-41581.7827884011
T4322,HR_DC,-41581.7827884011
T4323,HR_DC,-41581.7827884011
T4324,HR_DC,-41581.7827884011
T4325,HR_DC,-41581.7827884011
T4326,HR_DC,-41581.7827884011
T4327,HR_DC,-41581.7827884011
T4328,HR_DC,-41581.7827884011
T4329,HR_DC,-41581.7827884011
T4330,HR_DC,-41581.7827884011
T4331,HR_DC,-41581.7827884011
T4332,HR_DC,-41581.7827884011
T4333,HR_DC,-41581.7827884011
T4334,HR_DC,-41581.7827884011
T4335,HR_DC,-41581.7827884011
T4336,HR_DC,-41581.7827884011
T4337,HR_DC,-41581.7827884011
T4338,HR_DC,-41581.7827884011
T4339,HR_DC,-41581.7827884011
T4340,HR_DC,-41581.7827884011
T4341,HR_DC,-41581.7827884011
T4342,HR_DC,-41581.7827884011
T4343,HR_DC,-41581.7827884011
T4344,HR_DC,-41581.7827884011
T4345,HR_DC,-41581.7827884011
T4346,HR_DC,-41581.7827884011
T4347,HR_DC,-41581.7827884011
T4348,HR_DC,-41581.7827884011
T4349,HR_DC,-41581.7827884011
T4350,HR_DC,-41581.7827884011
T4351,HR_DC,-41581.7827884011
T4352,HR_DC,-41581.7827884011
T4353,HR_DC,-41581.7827884011
T4354,HR_DC,-41581.7827884011
T4355,HR_DC,-41581.7827884011
T4356,HR_DC,-41581.7827884011
T4357,HR_DC,-41581.7827884011
T4358,HR_DC,-41581.7827884011
T4359,HR_DC,-41581.7827884011
T4360,HR_DC,-41581.7827884011
T4361,HR_DC,-41581.7827884011
T4362,HR_DC,-41581.7827884011
T4363,HR_DC,-41581.7827884011
T4364,HR_DC,-41581.7827884011
T4365,HR_DC,-41581.7827884011
T4366,HR_DC,-41581.7827884011
T4367,HR_DC,-41581.7827884011
T4368,HR_DC,-41581.7827884011
T4369,HR_DC,-41581.7827884011
T4370,HR_DC,-41581.7827884011
T4371,HR_DC,-41581.7827884011
T4372,HR_DC,-41581.7827884011
T4373,HR_DC,-41581.7827884011
T4374,HR_DC,-41581.7827884011
T4375,HR_DC,-41581.7827884011
T4376,HR_DC,-41581.7827884011
T4377,HR_DC,-41581.7827884011
T4378,HR_DC,-41581.7827884011
T4379,HR_DC,-41581.7827884011
T4380,HR_DC,-41581.7827884011
T4381,HR_DC,-41577.007463500835
T4382,HR_DC,-41577.007463500835
T4383,HR_DC,-41577.007463500835
T4384,HR_DC,-41577.007463500835
T4385,HR_DC,-41577.007463500835
T4386,HR_DC,-41577.007463500835
T4387,HR_DC,-41577.007463500835
T4388,HR_DC,-41577.007463500835
T4389,HR_DC,-41577.007463500835
T4390,HR_DC,-41577.007463500835
T4391,HR_DC,-41577.007463500835
T4392,HR_DC,-41577.007463500835
T4393,HR_DC,-41577.007463500835
T4394,HR_DC,-41577.007463500835
T4395,HR_DC,-41577.007463500835
T4396,HR_DC,-41577.007463500835
T4397,HR_DC,-41577.007463500835
T4398,HR_DC,-41577.007463500835
T4399,HR_DC,-41577.007463500835
T4400,HR_DC,-41577.007463500835
T4401,HR_DC,-41577.007463500835
T4402,HR_DC,-41577.007463500835
T4403,HR_DC,-41577.007463500835
T4404,HR_DC,-41577.007463500835
T4405,HR_DC,-41577.007463500835
T4406,HR_DC,-41577.007463500835
T4407,HR_DC,-41577.007463500835
T4408,HR_DC,-41577.007463500835
T4409,HR_DC,-41577.007463500835
T4410,HR_DC,-41577.007463500835
T4411,HR_DC,-41577.007463500835
T4412,HR_DC,-41577.007463500835
T4413,HR_DC,-41577.007463500835
T4414,HR_DC,-41577.007463500835
T4415,HR_DC,-41577.007463500835
T4416,HR_DC,-41577.007463500835
T4417,HR_DC,-41577.007463500835
T4418,HR_DC,-41577.007463500835
T4419,HR_DC,-41577.007463500835
T4420,HR_DC,-41577.007463500835
T4421,HR_DC,-41577.007463500835
T4422,HR_DC,-41577.007463500835
T4423,HR_DC,-41577.007463500835
T4424,HR_DC,-41577.007463500835
T4425,HR_DC,-41577.007463500835
T4426,HR_DC,-41577.007463500835
T4427,HR_DC,-41577.007463500835
T4428,HR_DC,-41577.007463500835
T4429,HR_DC,-41577.007463500835
T4430,HR_DC,-41577.007463500835
T4431,HR_DC,-41577.007463500835
T4432,HR_DC,-41577.007463500835
T4433,HR_DC,-41577.007463500835
T4434,HR_DC,-41577.007463500835
T4435,HR_DC,-41577.007463500835
T4436,HR_DC,-41577.007463500835
T4437,HR_DC,-41577.007463500835
T4438,HR_DC,-41577.007463500835
T4439,HR_DC,-41577.007463500835
T4440,HR_DC,-41577.007463500835
T4441,HR_DC,-41577.007463500835
T4442,HR_DC,-41577.007463500835
T4443,HR_DC,-41577.007463500835
T4444,HR_DC,-41577.007463500835
T4445,HR_DC,-41577.007463500835
T4446,HR_DC,-41577.007463500835
T4447,HR_DC,-41577.007463500835
T4448,HR_DC,-41577.007463500835
T4449,HR_DC,-41577.007463500835
T4450,HR_DC,-41577.007463500835
T4451,HR_DC,-41577.007463500835
T4452,HR_DC,-41577.007463500835
T4453,HR_DC,-41577.007463500835
T4454,HR_DC,-41577.007463500835
T4455,HR_DC,-41577.007463500835
T4456,HR_DC,-41577.007463500835
T4457,HR_DC,-41577.007463500835
T4458,HR_DC,-41577.007463500835
T4459,HR_DC,-41577.007463500835
T4460,HR_DC,-41577.007463500835
T4461,HR_DC,-41577.007463500835
T4462,HR_DC,-41577.007463500835
T4463,HR_DC,-41577.007463500835
T4464,HR_DC,-41577.007463500835
T4465,HR_DC,-41577.007463500835
T4466,HR_DC,-41577.007463500835
T4467,HR_DC,-41577.007463500835
T4468,HR_DC,-41577.007463500835
T4469,HR_DC,-41577.007463500835
T4470,HR_DC,-41577.007463500835
T4471,HR_DC,-41577.007463500835
T4472,HR_DC,-41577.007463500835
T4473,HR_DC,-41577.007463500835
T4474,HR_DC,-41577.007463500835
T4475,HR_DC,-41577.007463500835
T4476,HR_DC,-41577.007463500835
T4477,HR_DC,-41577.007463500835
T4478,HR_DC,-41577.007463500835
T4479,HR_DC,-41577.007463500835
T4480,HR_DC,-41577.007463500835
T4481,HR_DC,-41577.007463500835
T4482,HR_DC,-41577.007463500835
T4483,HR_DC,-41577.007463500835
T4484,HR_DC,-41577.007463500835
T4485,HR_DC,-41577.007463500835
T4486,HR_DC,-41577.007463500835
T4487,HR_DC,-41577.007463500835
T4488,HR_DC,-41577.007463500835
T4489,HR_DC,-41577.007463500835
T4490,HR_DC,-41577.007463500835
T4491,HR_DC,-41577.007463500835
T4492,HR_DC,-41577.007463500835
T4493,HR_DC,-41577.007463500835
T4494,HR_DC,-41577.007463500835
T4495,HR_DC,-41577.007463500835
T4496,HR_DC,-41577.007463500835
T4497,HR_DC,-41577.007463500835
T4498,HR_DC,-41577.007463500835
T4499,HR_DC,-41577.007463500835
T4500,HR_DC,-41577.007463500835
T4501,HR_DC,-41577.007463500835
T4502,HR_DC,-41577.007463500835
T4503,HR_DC,-41577.007463500835
T4504,HR_DC,-41577.007463500835
T4505,HR_DC,-41577.007463500835
T4506,HR_DC,-41577.007463500835
T4507,HR_DC,-41577.007463500835
T4508,HR_DC,-41577.007463500835
T4509,HR_DC,-41577.007463500835
T4510,HR_DC,-41577.007463500835
T4511,HR_DC,-41577.007463500835
T4512,HR_DC,-41577.007463500835
T4513,HR_DC,-41577.007463500835
T4514,HR_DC,-41577.007463500835
T4515,HR_DC,-41577.007463500835
T4516,HR_DC,-41577.007463500835
T4517,HR_DC,-41577.007463500835
T4518,HR_DC,-41577.007463500835
T4519,HR_DC,-41577.007463500835
T4520,HR_DC,-41577.007463500835
T4521,HR_DC,-41577.007463500835
T4522,HR_DC,-41577.007463500835
T4523,HR_DC,-41577.007463500835
T4524,HR_DC,-41577.007463500835
T4525,HR_DC,-41577.007463500835
T4526,HR_DC,-41577.007463500835
T4527,HR_DC,-41577.007463500835
T4528,HR_DC,-41577.007463500835
T4529,HR_DC,-41577.007463500835
T4530,HR_DC,-41577.007463500835
T4531,HR_DC,-41577.007463500835
T4532,HR_DC,-41577.007463500835
T4533,HR_DC,-41577.007463500835
T4534,HR_DC,-41577.007463500835
T4535,HR_DC,-41577.007463500835
T4536,HR_DC,-41577.007463500835
T4537,HR_DC,-41577.007463500835
T4538,HR_DC,-41577.007463500835
T4539,HR_DC,-41577.007463500835
T4540,HR_DC,-41577.007463500835
T4541,HR_DC,-41577.007463500835
T4542,HR_DC,-41577.007463500835
T4543,HR_DC,-41577.007463500835
T4544,HR_DC,-41577.007463500835
T4545,HR_DC,-41577.007463500835
T4546,HR_DC,-41577.007463500835
T4547,HR_DC,-41577.007463500835
T4548,HR_DC,-41577.007463500835
T4549,HR_DC,-41577.007463500835
T4550,HR_DC,-41577.007463500835
T4551,HR_DC,-41577.007463500835
T4552,HR_DC,-41577.007463500835
T4553,HR_DC,-41577.007463500835
T4554,HR_DC,-41577.007463500835
T4555,HR_DC,-41577.007463500835
T4556,HR_DC,-41577.007463500835
T4557,HR_DC,-41577.007463500835
T4558,HR_DC,-41577.007463500835
T4559,HR_DC,-41577.007463500835
T4560,HR_DC,-41577.007463500835
T4561,HR_DC,-41577.007463500835
T4562,HR_DC,-41577.007463500835
T4563,HR_DC,-41577.007463500835
T4564,HR_DC,-41577.007463500835
T4565,HR_DC,-41577.007463500835
T4566,HR_DC,-41577.007463500835
T4567,HR_DC,-41577.007463500835
T4568,HR_DC,-41577.007463500835
T4569,HR_DC,-41577.007463500835
T4570,HR_DC,-41577.007463500835
T4571,HR_DC,-41577.007463500835
T4572,HR_DC,-41577.007463500835
T4573,HR_DC,-41577.007463500835
T4574,HR_DC,-41577.007463500835
T4575,HR_DC,-41577.007463500835
T4576,HR_DC,-41577.007463500835
T4577,HR_DC,-41577.007463500835
T4578,HR_DC,-41577.007463500835
T4579,HR_DC,-41577.007463500835
T4580,HR_DC,-41577.007463500835
T4581,HR_DC,-41577.007463500835
T4582,HR_DC,-41577.007463500835
T4583,HR_DC,-41577.007463500835
T4584,HR_DC,-41577.007463500835
T4585,HR_DC,-41577.007463500835
T4586,HR_DC,-41577.007463500835
T4587,HR_DC,-41577.007463500835
T4588,HR_DC,-41577.007463500835
T4589,HR_DC,-41577.007463500835
T4590,HR_DC,-41577.007463500835
T4591,HR_DC,-41577.007463500835
T4592,HR_DC,-41577.007463500835
T4593,HR_DC,-41577.007463500835
T4594,HR_DC,-41577.007463500835
T4595,HR_DC,-41577.007463500835
T4596,HR_DC,-41577.007463500835
T4597,HR_DC,-41577.007463500835
T4598,HR_DC,-41577.007463500835
T4599,HR_DC,-41577.007463500835
T4600,HR_DC,-41577.007463500835
T4601,HR_DC,-41577.007463500835
T4602,HR_DC,-41577.007463500835
T4603,HR_DC,-41577.007463500835
T4604,HR_DC,-41577.007463500835
T4605,HR_DC,-41577.007463500835
T4606,HR_DC,-41577.007463500835
T4607,HR_DC,-41577.007463500835
T4608,HR_DC,-41577.007463500835
T4609,HR_DC,-41577.007463500835
T4610,HR_DC,-41577.007463500835
T4611,HR_DC,-41577.007463500835
T4612,HR_DC,-41577.007463500835
T4613,HR_DC,-41577.007463500835
T4614,HR_DC,-41577.007463500835
T4615,HR_DC,-41577.007463500835
T4616,HR_DC,-41577.007463500835
T4617,HR_DC,-41577.007463500835
T4618,HR_DC,-41577.007463500835
T4619,HR_DC,-41577.007463500835
T4620,HR_DC,-41577.007463500835
T4621,HR_DC,-41577.007463500835
T4622,HR_DC,-41577.007463500835
T4623,HR_DC,-41577.007463500835
T4624,HR_DC,-41577.007463500835
T4625,HR_DC,-41577.007463500835
T4626,HR_DC,-41577.007463500835
T4627,HR_DC,-41577.007463500835
T4628,HR_DC,-41577.007463500835
T4629,HR_DC,-41577.007463500835
T4630,HR_DC,-41577.007463500835
T4631,HR_DC,-41577.007463500835
T4632,HR_DC,-41577.007463500835
T4633,HR_DC,-41577.007463500835
T4634,HR_DC,-41577.007463500835
T4635,HR_DC,-41577.007463500835
T4636,HR_DC,-41577.007463500835
T4637,HR_DC,-41577.007463500835
T4638,HR_DC,-41577.007463500835
T4639,HR_DC,-41577.007463500835
T4640,HR_DC,-41577.007463500835
T4641,HR_DC,-41577.007463500835
T4642,HR_DC,-41577.007463500835
T4643,HR_DC,-41577.007463500835
T4644,HR_DC,-41577.007463500835
T4645,HR_DC,-41577.007463500835
T4646,HR_DC,-41577.007463500835
T4647,HR_DC,-41577.007463500835
T4648,HR_DC,-41577.007463500835
T4649,HR_DC,-41577.007463500835
T4650,HR_DC,-41577.007463500835
T4651,HR_DC,-41577.007463500835
T4652,HR_DC,-41577.007463500835
T4653,HR_DC,-41577.007463500835
T4654,HR_DC,-41577.007463500835
T4655,HR_DC,-41577.007463500835
T4656,HR_DC,-41577.007463500835
T4657,HR_DC,-41577.007463500835
T4658,HR_DC,-41577.007463500835
T4659,HR_DC,-41577.007463500835
T4660,HR_DC,-41577.007463500835
T4661,HR_DC,-41577.007463500835
T4662,HR_DC,-41577.007463500835
T4663,HR_DC,-41577.007463500835
T4664,HR_DC,-41577.007463500835
T4665,HR_DC,-41577.007463500835
T4666,HR_DC,-41577.007463500835
T4667,HR_DC,-41577.007463500835
T4668,HR_DC,-41577.007463500835
T4669,HR_DC,-41577.007463500835
T4670,HR_DC,-41577.007463500835
T4671,HR_DC,-41577.007463500835
T4672,HR_DC,-41577.007463500835
T4673,HR_DC,-41577.007463500835
T4674,HR_DC,-41577.007463500835
T4675,HR_DC,-41577.007463500835
T4676,HR_DC,-41577.007463500835
T4677,HR_DC,-41577.007463500835
T4678,HR_DC,-41577.007463500835
T4679,HR_DC,-41577.007463500835
T4680,HR_DC,-41577.007463500835
T4681,HR_DC,-41577.007463500835
T4682,HR_DC,-41577.007463500835
T4683,HR_DC,-41577.007463500835
T4684,HR_DC,-41577.007463500835
T4685,HR_DC,-41577.007463500835
T4686,HR_DC,-41577.007463500835
T4687,HR_DC,-41577.007463500835
T4688,HR_DC,-41577.007463500835
T4689,HR_DC,-41577.007463500835
T4690,HR_DC,-41577.007463500835
T4691,HR_DC,-41577.007463500835
T4692,HR_DC,-41577.007463500835
T4693,HR_DC,-41577.007463500835
T4694,HR_DC,-41577.007463500835
T4695,HR_DC,-41577.007463500835
T4696,HR_DC,-41577.007463500835
T4697,HR_DC,-41577.007463500835
T4698,HR_DC,-41577.007463500835
T4699,HR_DC,-41577.007463500835
T4700,HR_DC,-41577.007463500835
T4701,HR_DC,-41577.007463500835
T4702,HR_DC,-41577.007463500835
T4703,HR_DC,-41577.007463500835
T4704,HR_DC,-41577.007463500835
T4705,HR_DC,-41577.007463500835
T4706,HR_DC,-41577.007463500835
T4707,HR_DC,-41577.007463500835
T4708,HR_DC,-41577.007463500835
T4709,HR_DC,-41577.007463500835
T4710,HR_DC,-41577.007463500835
T4711,HR_DC,-41577.007463500835
T4712,HR_DC,-41577.007463500835
T4713,HR_DC,-41577.007463500835
T4714,HR_DC,-41577.007463500835
T4715,HR_DC,-41577.007463500835
T4716,HR_DC,-41577.007463500835
T4717,HR_DC,-41577.007463500835
T4718,HR_DC,-41577.007463500835
T4719,HR_DC,-41577.007463500835
T4720,HR_DC,-41577.007463500835
T4721,HR_DC,-41577.007463500835
T4722,HR_DC,-41577.007463500835
T4723,HR_DC,-41577.007463500835
T4724,HR_DC,-41577.007463500835
T4725,HR_DC,-41577.007463500835
T4726,HR_DC,-41577.007463500835
T4727,HR_DC,-41577.007463500835
T4728,HR_DC,-41577.007463500835
T4729,HR_DC,-41577.007463500835
T4730,HR_DC,-41577.007463500835
T4731,HR_DC,-41577.007463500835
T4732,HR_DC,-41577.007463500835
T4733,HR_DC,-41577.007463500835
T4734,HR_DC,-41577.007463500835
T4735,HR_DC,-41577.007463500835
T4736,HR_DC,-41577.007463500835
T4737,HR_DC,-41577.007463500835
T4738,HR_DC,-41577.007463500835
T4739,HR_DC,-41577.007463500835
T4740,HR_DC,-41577.007463500835
T4741,HR_DC,-41577.007463500835
T4742,HR_DC,-41577.007463500835
T4743,HR_DC,-41577.007463500835
T4744,HR_DC,-41577.007463500835
T4745,HR_DC,-41577.007463500835
T4746,HR_DC,-41577.007463500835
T4747,HR_DC,-41577.007463500835
T4748,HR_DC,-41577.007463500835
T4749,HR_DC,-41577.007463500835
T4750,HR_DC,-41577.007463500835
T4751,HR_DC,-41577.007463500835
T4752,HR_DC,-41577.007463500835
T4753,HR_DC,-41577.007463500835
T4754,HR_DC,-41577.007463500835
T4755,HR_DC,-41577.007463500835
T4756,HR_DC,-41577.007463500835
T4757,HR_DC,-41577.007463500835
T4758,HR_DC,-41577.007463500835
T4759,HR_DC,-41577.007463500835
T4760,HR_DC,-41577.007463500835
T4761,HR_DC,-41577.007463500835
T4762,HR_DC,-41577.007463500835
T4763,HR_DC,-41577.007463500835
T4764,HR_DC,-41577.007463500835
T4765,HR_DC,-41577.007463500835
T4766,HR_DC,-41577.007463500835
T4767,HR_DC,-41577.007463500835
T4768,HR_DC,-41577.007463500835
T4769,HR_DC,-41577.007463500835
T4770,HR_DC,-41577.007463500835
T4771,HR_DC,-41577.007463500835
T4772,HR_DC,-41577.007463500835
T4773,HR_DC,-41577.007463500835
T4774,HR_DC,-41577.007463500835
T4775,HR_DC,-41577.007463500835
T4776,HR_DC,-41577.007463500835
T4777,HR_DC,-41577.007463500835
T4778,HR_DC,-41577.007463500835
T4779,HR_DC,-41577.007463500835
T4780,HR_DC,-41577.007463500835
T4781,HR_DC,-41577.007463500835
T4782,HR_DC,-41577.007463500835
T4783,HR_DC,-41577.007463500835
T4784,HR_DC,-41577.007463500835
T4785,HR_DC,-41577.007463500835
T4786,HR_DC,-41577.007463500835
T4787,HR_DC,-41577.007463500835
T4788,HR_DC,-41577.007463500835
T4789,HR_DC,-41577.007463500835
T4790,HR_DC,-41577.007463500835
T4791,HR_DC,-41577.007463500835
T4792,HR_DC,-41577.007463500835
T4793,HR_DC,-41577.007463500835
T4794,HR_DC,-41577.007463500835
T4795,HR_DC,-41577.007463500835
T4796,HR_DC,-41577.007463500835
T4797,HR_DC,-41577.007463500835
T4798,HR_DC,-41577.007463500835
T4799,HR_DC,-41577.007463500835
T4800,HR_DC,-41577.007463500835
T4801,HR_DC,-41577.007463500835
T4802,HR_DC,-41577.007463500835
T4803,HR_DC,-41577.007463500835
T4804,HR_DC,-41577.007463500835
T4805,HR_DC,-41577.007463500835
T4806,HR_DC,-41577.007463500835
T4807,HR_DC,-41577.007463500835
T4808,HR_DC,-41577.007463500835
T4809,HR_DC,-41577.007463500835
T4810,HR_DC,-41577.007463500835
T4811,HR_DC,-41577.007463500835
T4812,HR_DC,-41577.007463500835
T4813,HR_DC,-41577.007463500835
T4814,HR_DC,-41577.007463500835
T4815,HR_DC,-41577.007463500835
T4816,HR_DC,-41577.007463500835
T4817,HR_DC,-41577.007463500835
T4818,HR_DC,-41577.007463500835
T4819,HR_DC,-41577.007463500835
T4820,HR_DC,-41577.007463500835
T4821,HR_DC,-41577.007463500835
T4822,HR_DC,-41577.007463500835
T4823,HR_DC,-41577.007463500835
T4824,HR_DC,-41577.007463500835
T4825,HR_DC,-41577.007463500835
T4826,HR_DC,-41577.007463500835
T4827,HR_DC,-41577.007463500835
T4828,HR_DC,-41577.007463500835
T4829,HR_DC,-41577.007463500835
T4830,HR_DC,-41577.007463500835
T4831,HR_DC,-41577.007463500835
T4832,HR_DC,-41577.007463500835
T4833,HR_DC,-41577.007463500835
T4834,HR_DC,-41577.007463500835
T4835,HR_DC,-41577.007463500835
T4836,HR_DC,-41577.007463500835
T4837,HR_DC,-41577.007463500835
T4838,HR_DC,-41577.007463500835
T4839,HR_DC,-41577.007463500835
T4840,HR_DC,-41577.007463500835
T4841,HR_DC,-41577.007463500835
T4842,HR_DC,-41577.007463500835
T4843,HR_DC,-41577.007463500835
T4844,HR_DC,-41577.007463500835
T4845,HR_DC,-41577.007463500835
T4846,HR_DC,-41577.007463500835
T4847,HR_DC,-41577.007463500835
T4848,HR_DC,-41577.007463500835
T4849,HR_DC,-41577.007463500835
T4850,HR_DC,-41577.007463500835
T4851,HR_DC,-41577.007463500835
T4852,HR_DC,-41577.007463500835
T4853,HR_DC,-41577.007463500835
T4854,HR_DC,-41577.007463500835
T4855,HR_DC,-41577.007463500835
T4856,HR_DC,-41577.007463500835
T4857,HR_DC,-41577.007463500835
T4858,HR_DC,-41577.007463500835
T4859,HR_DC,-41577.007463500835
T4860,HR_DC,-41577.007463500835
T4861,HR_DC,-41577.007463500835
T4862,HR_DC,-41577.007463500835
T4863,HR_DC,-41577.007463500835
T4864,HR_DC,-41577.007463500835
T4865,HR_DC,-41577.007463500835
T4866,HR_DC,-41577.007463500835
T4867,HR_DC,-41577.007463500835
T4868,HR_DC,-41577.007463500835
T4869,HR_DC,-41577.007463500835
T4870,HR_DC,-41577.007463500835
T4871,HR_DC,-41577.007463500835
T4872,HR_DC,-41577.007463500835
T4873,HR_DC,-41577.007463500835
T4874,HR_DC,-41577.007463500835
T4875,HR_DC,-41577.007463500835
T4876,HR_DC,-41577.007463500835
T4877,HR_DC,-41577.007463500835
T4878,HR_DC,-41577.007463500835
T4879,HR_DC,-41577.007463500835
T4880,HR_DC,-41577.007463500835
T4881,HR_DC,-41577.007463500835
T4882,HR_DC,-41577.007463500835
T4883,HR_DC,-41577.007463500835
T4884,HR_DC,-41577.007463500835
T4885,HR_DC,-41577.007463500835
T4886,HR_DC,-41577.007463500835
T4887,HR_DC,-41577.007463500835
T4888,HR_DC,-41577.007463500835
T4889,HR_DC,-41577.007463500835
T4890,HR_DC,-41577.007463500835
T4891,HR_DC,-41577.007463500835
T4892,HR_DC,-41577.007463500835
T4893,HR_DC,-41577.007463500835
T4894,HR_DC,-41577.007463500835
T4895,HR_DC,-41577.007463500835
T4896,HR_DC,-41577.007463500835
T4897,HR_DC,-41577.007463500835
T4898,HR_DC,-41577.007463500835
T4899,HR_DC,-41577.007463500835
T4900,HR_DC,-41577.007463500835
T4901,HR_DC,-41577.007463500835
T4902,HR_DC,-41577.007463500835
T4903,HR_DC,-41577.007463500835
T4904,HR_DC,-41577.007463500835
T4905,HR_DC,-41577.007463500835
T4906,HR_DC,-41577.007463500835
T4907,HR_DC,-41577.007463500835
T4908,HR_DC,-41577.007463500835
T4909,HR_DC,-41577.007463500835
T4910,HR_DC,-41577.007463500835
T4911,HR_DC,-41577.007463500835
T4912,HR_DC,-41577.007463500835
T4913,HR_DC,-41577.007463500835
T4914,HR_DC,-41577.007463500835
T4915,HR_DC,-41577.007463500835
T4916,HR_DC,-41577.007463500835
T4917,HR_DC,-41577.007463500835
T4918,HR_DC,-41577.007463500835
T4919,HR_DC,-41577.007463500835
T4920,HR_DC,-41577.007463500835
T4921,HR_DC,-41577.007463500835
T4922,HR_DC,-41577.007463500835
T4923,HR_DC,-41577.007463500835
T4924,HR_DC,-41577.007463500835
T4925,HR_DC,-41577.007463500835
T4926,HR_DC,-41577.007463500835
T4927,HR_DC,-41577.007463500835
T4928,HR_DC,-41577.007463500835
T4929,HR_DC,-41577.007463500835
T4930,HR_DC,-41577.007463500835
T4931,HR_DC,-41577.007463500835
T4932,HR_DC,-41577.007463500835
T4933,HR_DC,-41577.007463500835
T4934,HR_DC,-41577.007463500835
T4935,HR_DC,-41577.007463500835
T4936,HR_DC,-41577.007463500835
T4937,HR_DC,-41577.007463500835
T4938,HR_DC,-41577.007463500835
T4939,HR_DC,-41577.007463500835
T4940,HR_DC,-41577.007463500835
T4941,HR_DC,-41577.007463500835
T4942,HR_DC,-41577.007463500835
T4943,HR_DC,-41577.007463500835
T4944,HR_DC,-41577.007463500835
T4945,HR_DC,-41577.007463500835
T4946,HR_DC,-41577.007463500835
T4947,HR_DC,-41577.007463500835
T4948,HR_DC,-41577.007463500835
T4949,HR_DC,-41577.007463500835
T4950,HR_DC,-41577.007463500835
T4951,HR_DC,-41577.007463500835
T4952,HR_DC,-41577.007463500835
T4953,HR_DC,-41577.007463500835
T4954,HR_DC,-41577.007463500835
T4955,HR_DC,-41577.007463500835
T4956,HR_DC,-41577.007463500835
T4957,HR_DC,-41577.007463500835
T4958,HR_DC,-41577.007463500835
T4959,HR_DC,-41577.007463500835
T4960,HR_DC,-41577.007463500835
T4961,HR_DC,-41577.007463500835
T4962,HR_DC,-41577.007463500835
T4963,HR_DC,-41577.007463500835
T4964,HR_DC,-41577.007463500835
T4965,HR_DC,-41577.007463500835
T4966,HR_DC,-41577.007463500835
T4967,HR_DC,-41577.007463500835
T4968,HR_DC,-41577.007463500835
T4969,HR_DC,-41577.007463500835
T4970,HR_DC,-41577.007463500835
T4971,HR_DC,-41577.007463500835
T4972,HR_DC,-41577.007463500835
T4973,HR_DC,-41577.007463500835
T4974,HR_DC,-41577.007463500835
T4975,HR_DC,-41577.007463500835
T4976,HR_DC,-41577.007463500835
T4977,HR_DC,-41577.007463500835
T4978,HR_DC,-41577.007463500835
T4979,HR_DC,-41577.007463500835
T4980,HR_DC,-41577.007463500835
T4981,HR_DC,-41577.007463500835
T4982,HR_DC,-41577.007463500835
T4983,HR_DC,-41577.007463500835
T4984,HR_DC,-41577.007463500835
T4985,HR_DC,-41577.007463500835
T4986,HR_DC,-41577.007463500835
T4987,HR_DC,-41577.007463500835
T4988,HR_DC,-41577.007463500835
T4989,HR_DC,-41577.007463500835
T4990,HR_DC,-41577.007463500835
T4991,HR_DC,-41577.007463500835
T4992,HR_DC,-41577.007463500835
T4993,HR_DC,-41577.007463500835
T4994,HR_DC,-41577.007463500835
T4995,HR_DC,-41577.007463500835
T4996,HR_DC,-41577.007463500835
T4997,HR_DC,-41577.007463500835
T4998,HR_DC,-41577.007463500835
T4999,HR_DC,-41577.007463500835
T5000,HR_DC,-41577.007463500835
T5001,HR_DC,-41577.007463500835
T5002,HR_DC,-41577.007463500835
T5003,HR_DC,-41577.007463500835
T5004,HR_DC,-41577.007463500835
T5005,HR_DC,-41577.007463500835
T5006,HR_DC,-41577.007463500835
T5007,HR_DC,-41577.007463500835
T5008,HR_DC,-41577.007463500835
T5009,HR_DC,-41577.007463500835
T5010,HR_DC,-41577.007463500835
T5011,HR_DC,-41577.007463500835
T5012,HR_DC,-41577.007463500835
T5013,HR_DC,-41577.007463500835
T5014,HR_DC,-41577.007463500835
T5015,HR_DC,-41577.007463500835
T5016,HR_DC,-41577.007463500835
T5017,HR_DC,-41577.007463500835
T5018,HR_DC,-41577.007463500835
T5019,HR_DC,-41577.007463500835
T5020,HR_DC,-41577.007463500835
T5021,HR_DC,-41577.007463500835
T5022,HR_DC,-41577.007463500835
T5023,HR_DC,-41577.007463500835
T5024,HR_DC,-41577.007463500835
T5025,HR_DC,-41577.007463500835
T5026,HR_DC,-41577.007463500835
T5027,HR_DC,-41577.007463500835
T5028,HR_DC,-41577.007463500835
T5029,HR_DC,-41577.007463500835
T5030,HR_DC,-41577.007463500835
T5031,HR_DC,-41577.007463500835
T5032,HR_DC,-41577.007463500835
T5033,HR_DC,-41577.007463500835
T5034,HR_DC,-41577.007463500835
T5035,HR_DC,-41577.007463500835
T5036,HR_DC,-41577.007463500835
T5037,HR_DC,-41577.007463500835
T5038,HR_DC,-41577.007463500835
T5039,HR_DC,-41577.007463500835
T5040,HR_DC,-41577.007463500835
T5041,HR_DC,-41577.007463500835
T5042,HR_DC,-41577.007463500835
T5043,HR_DC,-41577.007463500835
T5044,HR_DC,-41577.007463500835
T5045,HR_DC,-41577.007463500835
T5046,HR_DC,-41577.007463500835
T5047,HR_DC,-41577.007463500835
T5048,HR_DC,-41577.007463500835
T5049,HR_DC,-41577.007463500835
T5050,HR_DC,-41577.007463500835
T5051,HR_DC,-41577.007463500835
T5052,HR_DC,-41577.007463500835
T5053,HR_DC,-41577.007463500835
T5054,HR_DC,-41577.007463500835
T5055,HR_DC,-41577.007463500835
T5056,HR_DC,-41577.007463500835
T5057,HR_DC,-41577.007463500835
T5058,HR_DC,-41577.007463500835
T5059,HR_DC,-41577.007463500835
T5060,HR_DC,-41577.007463500835
T5061,HR_DC,-41577.007463500835
T5062,HR_DC,-41577.007463500835
T5063,HR_DC,-41577.007463500835
T5064,HR_DC,-41577.007463500835
T5065,HR_DC,-41577.007463500835
T5066,HR_DC,-41577.007463500835
T5067,HR_DC,-41577.007463500835
T5068,HR_DC,-41577.007463500835
T5069,HR_DC,-41577.007463500835
T5070,HR_DC,-41577.007463500835
T5071,HR_DC,-41577.007463500835
T5072,HR_DC,-41577.007463500835
T5073,HR_DC,-41577.007463500835
T5074,HR_DC,-41577.007463500835
T5075,HR_DC,-41577.007463500835
T5076,HR_DC,-41577.007463500835
T5077,HR_DC,-41577.007463500835
T5078,HR_DC,-41577.007463500835
T5079,HR_DC,-41577.007463500835
T5080,HR_DC,-41577.007463500835
T5081,HR_DC,-41577.007463500835
T5082,HR_DC,-41577.007463500835
T5083,HR_DC,-41577.007463500835
T5084,HR_DC,-41577.007463500835
T5085,HR_DC,-41577.007463500835
T5086,HR_DC,-41577.007463500835
T5087,HR_DC,-41577.007463500835
T5088,HR_DC,-41577.007463500835
T5089,HR_DC,-41577.007463500835
T5090,HR_DC,-41577.007463500835
T5091,HR_DC,-41577.007463500835
T5092,HR_DC,-41577.007463500835
T5093,HR_DC,-41577.007463500835
T5094,HR_DC,-41577.007463500835
T5095,HR_DC,-41577.007463500835
T5096,HR_DC,-41577.007463500835
T5097,HR_DC,-41577.007463500835
T5098,HR_DC,-41577.007463500835
T5099,HR_DC,-41577.007463500835
T5100,HR_DC,-41577.007463500835
T5101,HR_DC,-41577.007463500835
T5102,HR_DC,-41577.007463500835
T5103,HR_DC,-41577.007463500835
T5104,HR_DC,-41577.007463500835
T5105,HR_DC,-41577.007463500835
T5106,HR_DC,-41577.007463500835
T5107,HR_DC,-41577.007463500835
T5108,HR_DC,-41577.007463500835
T5109,HR_DC,-41577.007463500835
T5110,HR_DC,-41577.007463500835
T5111,HR_DC,-41587.81564272236
T5112,HR_DC,-41587.81564272236
T5113,HR_DC,-41587.81564272236
T5114,HR_DC,-41587.81564272236
T5115,HR_DC,-41587.81564272236
T5116,HR_DC,-41587.81564272236
T5117,HR_DC,-41587.81564272236
T5118,HR_DC,-41587.81564272236
T5119,HR_DC,-41587.81564272236
T5120,HR_DC,-41587.81564272236
T5121,HR_DC,-41587.81564272236
T5122,HR_DC,-41587.81564272236
T5123,HR_DC,-41587.81564272236
T5124,HR_DC,-41587.81564272236
T5125,HR_DC,-41587.81564272236
T5126,HR_DC,-41587.81564272236
T5127,HR_DC,-41587.81564272236
T5128,HR_DC,-41587.81564272236
T5129,HR_DC,-41587.81564272236
T5130,HR_DC,-41587.81564272236
T5131,HR_DC,-41587.81564272236
T5132,HR_DC,-41587.81564272236
T5133,HR_DC,-41587.81564272236
T5134,HR_DC,-41587.81564272236
T5135,HR_DC,-41587.81564272236
T5136,HR_DC,-41587.81564272236
T5137,HR_DC,-41587.81564272236
T5138,HR_DC,-41587.81564272236
T5139,HR_DC,-41587.81564272236
T5140,HR_DC,-41587.81564272236
T5141,HR_DC,-41587.81564272236
T5142,HR_DC,-41587.81564272236
T5143,HR_DC,-41587.81564272236
T5144,HR_DC,-41587.81564272236
T5145,HR_DC,-41587.81564272236
T5146,HR_DC,-41587.81564272236
T5147,HR_DC,-41587.81564272236
T5148,HR_DC,-41587.81564272236
T5149,HR_DC,-41587.81564272236
T5150,HR_DC,-41587.81564272236
T5151,HR_DC,-41587.81564272236
T5152,HR_DC,-41587.81564272236
T5153,HR_DC,-41587.81564272236
T5154,HR_DC,-41587.81564272236
T5155,HR_DC,-41587.81564272236
T5156,HR_DC,-41587.81564272236
T5157,HR_DC,-41587.81564272236
T5158,HR_DC,-41587.81564272236
T5159,HR_DC,-41587.81564272236
T5160,HR_DC,-41587.81564272236
T5161,HR_DC,-41587.81564272236
T5162,HR_DC,-41587.81564272236
T5163,HR_DC,-41587.81564272236
T5164,HR_DC,-41587.81564272236
T5165,HR_DC,-41587.81564272236
T5166,HR_DC,-41587.81564272236
T5167,HR_DC,-41587.81564272236
T5168,HR_DC,-41587.81564272236
T5169,HR_DC,-41587.81564272236
T5170,HR_DC,-41587.81564272236
T5171,HR_DC,-41587.81564272236
T5172,HR_DC,-41587.81564272236
T5173,HR_DC,-41587.81564272236
T5174,HR_DC,-41587.81564272236
T5175,HR_DC,-41587.81564272236
T5176,HR_DC,-41587.81564272236
T5177,HR_DC,-41587.81564272236
T5178,HR_DC,-41587.81564272236
T5179,HR_DC,-41587.81564272236
T5180,HR_DC,-41587.81564272236
T5181,HR_DC,-41587.81564272236
T5182,HR_DC,-41587.81564272236
T5183,HR_DC,-41587.81564272236
T5184,HR_DC,-41587.81564272236
T5185,HR_DC,-41587.81564272236
T5186,HR_DC,-41587.81564272236
T5187,HR_DC,-41587.81564272236
T5188,HR_DC,-41587.81564272236
T5189,HR_DC,-41587.81564272236
T5190,HR_DC,-41587.81564272236
T5191,HR_DC,-41587.81564272236
T5192,HR_DC,-41587.81564272236
T5193,HR_DC,-41587.81564272236
T5194,HR_DC,-41587.81564272236
T5195,HR_DC,-41587.81564272236
T5196,HR_DC,-41587.81564272236
T5197,HR_DC,-41587.81564272236
T5198,HR_DC,-41587.81564272236
T5199,HR_DC,-41587.81564272236
T5200,HR_DC,-41587.81564272236
T5201,HR_DC,-41587.81564272236
T5202,HR_DC,-41587.81564272236
T5203,HR_DC,-41587.81564272236
T5204,HR_DC,-41587.81564272236
T5205,HR_DC,-41587.81564272236
T5206,HR_DC,-41587.81564272236
T5207,HR_DC,-41587.81564272236
T5208,HR_DC,-41587.81564272236
T5209,HR_DC,-41587.81564272236
T5210,HR_DC,-41587.81564272236
T5211,HR_DC,-41587.81564272236
T5212,HR_DC,-41587.81564272236
T5213,HR_DC,-41587.81564272236
T5214,HR_DC,-41587.81564272236
T5215,HR_DC,-41587.81564272236
T5216,HR_DC,-41587.81564272236
T5217,HR_DC,-41587.81564272236
T5218,HR_DC,-41587.81564272236
T5219,HR_DC,-41587.81564272236
T5220,HR_DC,-41587.81564272236
T5221,HR_DC,-41587.81564272236
T5222,HR_DC,-41587.81564272236
T5223,HR_DC,-41587.81564272236
T5224,HR_DC,-41587.81564272236
T5225,HR_DC,-41587.81564272236
T5226,HR_DC,-41587.81564272236
T5227,HR_DC,-41587.81564272236
T5228,HR_DC,-41587.81564272236
T5229,HR_DC,-41587.81564272236
T5230,HR_DC,-41587.81564272236
T5231,HR_DC,-41587.81564272236
T5232,HR_DC,-41587.81564272236
T5233,HR_DC,-41587.81564272236
T5234,HR_DC,-41587.81564272236
T5235,HR_DC,-41587.81564272236
T5236,HR_DC,-41587.81564272236
T5237,HR_DC,-41587.81564272236
T5238,HR_DC,-41587.81564272236
T5239,HR_DC,-41587.81564272236
T5240,HR_DC,-41587.81564272236
T5241,HR_DC,-41587.81564272236
T5242,HR_DC,-41587.81564272236
T5243,HR_DC,-41587.81564272236
T5244,HR_DC,-41587.81564272236
T5245,HR_DC,-41587.81564272236
T5246,HR_DC,-41587.81564272236
T5247,HR_DC,-41587.81564272236
T5248,HR_DC,-41587.81564272236
T5249,HR_DC,-41587.81564272236
T5250,HR_DC,-41587.81564272236
T5251,HR_DC,-41587.81564272236
T5252,HR_DC,-41587.81564272236
T5253,HR_DC,-41587.81564272236
T5254,HR_DC,-41587.81564272236
T5255,HR_DC,-41587.81564272236
T5256,HR_DC,-41587.81564272236
T5257,HR_DC,-41587.81564272236
T5258,HR_DC,-41587.81564272236
T5259,HR_DC,-41587.81564272236
T5260,HR_DC,-41587.81564272236
T5261,HR_DC,-41587.81564272236
T5262,HR_DC,-41587.81564272236
T5263,HR_DC,-41587.81564272236
T5264,HR_DC,-41587.81564272236
T5265,HR_DC,-41587.81564272236
T5266,HR_DC,-41587.81564272236
T5267,HR_DC,-41587.81564272236
T5268,HR_DC,-41587.81564272236
T5269,HR_DC,-41587.81564272236
T5270,HR_DC,-41587.81564272236
T5271,HR_DC,-41587.81564272236
T5272,HR_DC,-41587.81564272236
T5273,HR_DC,-41587.81564272236
T5274,HR_DC,-41587.81564272236
T5275,HR_DC,-41587.81564272236
T5276,HR_DC,-41587.81564272236
T5277,HR_DC,-41587.81564272236
T5278,HR_DC,-41587.81564272236
T5279,HR_DC,-41587.81564272236
T5280,HR_DC,-41587.81564272236
T5281,HR_DC,-41587.81564272236
T5282,HR_DC,-41587.81564272236
T5283,HR_DC,-41587.81564272236
T5284,HR_DC,-41587.81564272236
T5285,HR_DC,-41587.81564272236
T5286,HR_DC,-41587.81564272236
T5287,HR_DC,-41587.81564272236
T5288,HR_DC,-41587.81564272236
T5289,HR_DC,-41587.81564272236
T5290,HR_DC,-41587.81564272236
T5291,HR_DC,-41587.81564272236
T5292,HR_DC,-41587.81564272236
T5293,HR_DC,-41587.81564272236
T5294,HR_DC,-41587.81564272236
T5295,HR_DC,-41587.81564272236
T5296,HR_DC,-41587.81564272236
T5297,HR_DC,-41587.81564272236
T5298,HR_DC,-41587.81564272236
T5299,HR_DC,-41587.81564272236
T5300,HR_DC,-41587.81564272236
T5301,HR_DC,-41587.81564272236
T5302,HR_DC,-41587.81564272236
T5303,HR_DC,-41587.81564272236
T5304,HR_DC,-41587.81564272236
T5305,HR_DC,-41587.81564272236
T5306,HR_DC,-41587.81564272236
T5307,HR_DC,-41587.81564272236
T5308,HR_DC,-41587.81564272236
T5309,HR_DC,-41587.81564272236
T5310,HR_DC,-41587.81564272236
T5311,HR_DC,-41587.81564272236
T5312,HR_DC,-41587.81564272236
T5313,HR_DC,-41587.81564272236
T5314,HR_DC,-41587.81564272236
T5315,HR_DC,-41587.81564272236
T5316,HR_DC,-41587.81564272236
T5317,HR_DC,-41587.81564272236
T5318,HR_DC,-41587.81564272236
T5319,HR_DC,-41587.81564272236
T5320,HR_DC,-41587.81564272236
T5321,HR_DC,-41587.81564272236
T5322,HR_DC,-41587.81564272236
T5323,HR_DC,-41587.81564272236
T5324,HR_DC,-41587.81564272236
T5325,HR_DC,-41587.81564272236
T5326,HR_DC,-41587.81564272236
T5327,HR_DC,-41587.81564272236
T5328,HR_DC,-41587.81564272236
T5329,HR_DC,-41587.81564272236
T5330,HR_DC,-41587.81564272236
T5331,HR_DC,-41587.81564272236
T5332,HR_DC,-41587.81564272236
T5333,HR_DC,-41587.81564272236
T5334,HR_DC,-41587.81564272236
T5335,HR_DC,-41587.81564272236
T5336,HR_DC,-41587.81564272236
T5337,HR_DC,-41587.81564272236
T5338,HR_DC,-41587.81564272236
T5339,HR_DC,-41587.81564272236
T5340,HR_DC,-41587.81564272236
T5341,HR_DC,-41587.81564272236
T5342,HR_DC,-41587.81564272236
T5343,HR_DC,-41587.81564272236
T5344,HR_DC,-41587.81564272236
T5345,HR_DC,-41587.81564272236
T5346,HR_DC,-41587.81564272236
T5347,HR_DC,-41587.81564272236
T5348,HR_DC,-41587.81564272236
T5349,HR_DC,-41587.81564272236
T5350,HR_DC,-41587.81564272236
T5351,HR_DC,-41587.81564272236
T5352,HR_DC,-41587.81564272236
T5353,HR_DC,-41587.81564272236
T5354,HR_DC,-41587.81564272236
T5355,HR_DC,-41587.81564272236
T5356,HR_DC,-41587.81564272236
T5357,HR_DC,-41587.81564272236
T5358,HR_DC,-41587.81564272236
T5359,HR_DC,-41587.81564272236
T5360,HR_DC,-41587.81564272236
T5361,HR_DC,-41587.81564272236
T5362,HR_DC,-41587.81564272236
T5363,HR_DC,-41587.81564272236
T5364,HR_DC,-41587.81564272236
T5365,HR_DC,-41587.81564272236
T5366,HR_DC,-41587.81564272236
T5367,HR_DC,-41587.81564272236
T5368,HR_DC,-41587.81564272236
T5369,HR_DC,-41587.81564272236
T5370,HR_DC,-41587.81564272236
T5371,HR_DC,-41587.81564272236
T5372,HR_DC,-41587.81564272236
T5373,HR_DC,-41587.81564272236
T5374,HR_DC,-41587.81564272236
T5375,HR_DC,-41587.81564272236
T5376,HR_DC,-41587.81564272236
T5377,HR_DC,-41587.81564272236
T5378,HR_DC,-41587.81564272236
T5379,HR_DC,-41587.81564272236
T5380,HR_DC,-41587.81564272236
T5381,HR_DC,-41587.81564272236
T5382,HR_DC,-41587.81564272236
T5383,HR_DC,-41587.81564272236
T5384,HR_DC,-41587.81564272236
T5385,HR_DC,-41587.81564272236
T5386,HR_DC,-41587.81564272236
T5387,HR_DC,-41587.81564272236
T5388,HR_DC,-41587.81564272236
T5389,HR_DC,-41587.81564272236
T5390,HR_DC,-41587.81564272236
T5391,HR_DC,-41587.81564272236
T5392,HR_DC,-41587.81564272236
T5393,HR_DC,-41587.81564272236
T5394,HR_DC,-41587.81564272236
T5395,HR_DC,-41587.81564272236
T5396,HR_DC,-41587.81564272236
T5397,HR_DC,-41587.81564272236
T5398,HR_DC,-41587.81564272236
T5399,HR_DC,-41587.81564272236
T5400,HR_DC,-41587.81564272236
T5401,HR_DC,-41587.81564272236
T5402,HR_DC,-41587.81564272236
T5403,HR_DC,-41587.81564272236
T5404,HR_DC,-41587.81564272236
T5405,HR_DC,-41587.81564272236
T5406,HR_DC,-41587.81564272236
T5407,HR_DC,-41587.81564272236
T5408,HR_DC,-41587.81564272236
T5409,HR_DC,-41587.81564272236
T5410,HR_DC,-41587.81564272236
T5411,HR_DC,-41587.81564272236
T5412,HR_DC,-41587.81564272236
T5413,HR_DC,-41587.81564272236
T5414,HR_DC,-41587.81564272236
T5415,HR_DC,-41587.81564272236
T5416,HR_DC,-41587.81564272236
T5417,HR_DC,-41587.81564272236
T5418,HR_DC,-41587.81564272236
T5419,HR_DC,-41587.81564272236
T5420,HR_DC,-41587.81564272236
T5421,HR_DC,-41587.81564272236
T5422,HR_DC,-41587.81564272236
T5423,HR_DC,-41587.81564272236
T5424,HR_DC,-41587.81564272236
T5425,HR_DC,-41587.81564272236
T5426,HR_DC,-41587.81564272236
T5427,HR_DC,-41587.81564272236
T5428,HR_DC,-41587.81564272236
T5429,HR_DC,-41587.81564272236
T5430,HR_DC,-41587.81564272236
T5431,HR_DC,-41587.81564272236
T5432,HR_DC,-41587.81564272236
T5433,HR_DC,-41587.81564272236
T5434,HR_DC,-41587.81564272236
T5435,HR_DC,-41587.81564272236
T5436,HR_DC,-41587.81564272236
T5437,HR_DC,-41587.81564272236
T5438,HR_DC,-41587.81564272236
T5439,HR_DC,-41587.81564272236
T5440,HR_DC,-41587.81564272236
T5441,HR_DC,-41587.81564272236
T5442,HR_DC,-41587.81564272236
T5443,HR_DC,-41587.81564272236
T5444,HR_DC,-41587.81564272236
T5445,HR_DC,-41587.81564272236
T5446,HR_DC,-41587.81564272236
T5447,HR_DC,-41587.81564272236
T5448,HR_DC,-41587.81564272236
T5449,HR_DC,-41587.81564272236
T5450,HR_DC,-41587.81564272236
T5451,HR_DC,-41587.81564272236
T5452,HR_DC,-41587.81564272236
T5453,HR_DC,-41587.81564272236
T5454,HR_DC,-41587.81564272236
T5455,HR_DC,-41587.81564272236
T5456,HR_DC,-41587.81564272236
T5457,HR_DC,-41587.81564272236
T5458,HR_DC,-41587.81564272236
T5459,HR_DC,-41587.81564272236
T5460,HR_DC,-41587.81564272236
T5461,HR_DC,-41587.81564272236
T5462,HR_DC,-41587.81564272236
T5463,HR_DC,-41587.81564272236
T5464,HR_DC,-41587.81564272236
T5465,HR_DC,-41587.81564272236
T5466,HR_DC,-41587.81564272236
T5467,HR_DC,-41587.81564272236
T5468,HR_DC,-41587.81564272236
T5469,HR_DC,-41587.81564272236
T5470,HR_DC,-41587.81564272236
T5471,HR_DC,-41587.81564272236
T5472,HR_DC,-41587.81564272236
T5473,HR_DC,-41587.81564272236
T5474,HR_DC,-41587.81564272236
T5475,HR_DC,-41587.81564272236
T5476,HR_DC,-41587.81564272236
T5477,HR_DC,-41587.81564272236
T5478,HR_DC,-41587.81564272236
T5479,HR_DC,-41587.81564272236
T5480,HR_DC,-41587.81564272236
T5481,HR_DC,-41587.81564272236
T5482,HR_DC,-41587.81564272236
T5483,HR_DC,-41587.81564272236
T5484,HR_DC,-41587.81564272236
T5485,HR_DC,-41587.81564272236
T5486,HR_DC,-41587.81564272236
T5487,HR_DC,-41587.81564272236
T5488,HR_DC,-41587.81564272236
T5489,HR_DC,-41587.81564272236
T5490,HR_DC,-41587.81564272236
T5491,HR_DC,-41587.81564272236
T5492,HR_DC,-41587.81564272236
T5493,HR_DC,-41587.81564272236
T5494,HR_DC,-41587.81564272236
T5495,HR_DC,-41587.81564272236
T5496,HR_DC,-41587.81564272236
T5497,HR_DC,-41587.81564272236
T5498,HR_DC,-41587.81564272236
T5499,HR_DC,-41587.81564272236
T5500,HR_DC,-41587.81564272236
T5501,HR_DC,-41587.81564272236
T5502,HR_DC,-41587.81564272236
T5503,HR_DC,-41587.81564272236
T5504,HR_DC,-41587.81564272236
T5505,HR_DC,-41587.81564272236
T5506,HR_DC,-41587.81564272236
T5507,HR_DC,-41587.81564272236
T5508,HR_DC,-41587.81564272236
T5509,HR_DC,-41587.81564272236
T5510,HR_DC,-41587.81564272236
T5511,HR_DC,-41587.81564272236
T5512,HR_DC,-41587.81564272236
T5513,HR_DC,-41587.81564272236
T5514,HR_DC,-41587.81564272236
T5515,HR_DC,-41587.81564272236
T5516,HR_DC,-41587.81564272236
T5517,HR_DC,-41587.81564272236
T5518,HR_DC,-41587.81564272236
T5519,HR_DC,-41587.81564272236
T5520,HR_DC,-41587.81564272236
T5521,HR_DC,-41587.81564272236
T5522,HR_DC,-41587.81564272236
T5523,HR_DC,-41587.81564272236
T5524,HR_DC,-41587.81564272236
T5525,HR_DC,-41587.81564272236
T5526,HR_DC,-41587.81564272236
T5527,HR_DC,-41587.81564272236
T5528,HR_DC,-41587.81564272236
T5529,HR_DC,-41587.81564272236
T5530,HR_DC,-41587.81564272236
T5531,HR_DC,-41587.81564272236
T5532,HR_DC,-41587.81564272236
T5533,HR_DC,-41587.81564272236
T5534,HR_DC,-41587.81564272236
T5535,HR_DC,-41587.81564272236
T5536,HR_DC,-41587.81564272236
T5537,HR_DC,-41587.81564272236
T5538,HR_DC,-41587.81564272236
T5539,HR_DC,-41587.81564272236
T5540,HR_DC,-41587.81564272236
T5541,HR_DC,-41587.81564272236
T5542,HR_DC,-41587.81564272236
T5543,HR_DC,-41587.81564272236
T5544,HR_DC,-41587.81564272236
T5545,HR_DC,-41587.81564272236
T5546,HR_DC,-41587.81564272236
T5547,HR_DC,-41587.81564272236
T5548,HR_DC,-41587.81564272236
T5549,HR_DC,-41587.81564272236
T5550,HR_DC,-41587.81564272236
T5551,HR_DC,-41587.81564272236
T5552,HR_DC,-41587.81564272236
T5553,HR_DC,-41587.81564272236
T5554,HR_DC,-41587.81564272236
T5555,HR_DC,-41587.81564272236
T5556,HR_DC,-41587.81564272236
T5557,HR_DC,-41587.81564272236
T5558,HR_DC,-41587.81564272236
T5559,HR_DC,-41587.81564272236
T5560,HR_DC,-41587.81564272236
T5561,HR_DC,-41587.81564272236
T5562,HR_DC,-41587.81564272236
T5563,HR_DC,-41587.81564272236
T5564,HR_DC,-41587.81564272236
T5565,HR_DC,-41587.81564272236
T5566,HR_DC,-41587.81564272236
T5567,HR_DC,-41587.81564272236
T5568,HR_DC,-41587.81564272236
T5569,HR_DC,-41587.81564272236
T5570,HR_DC,-41587.81564272236
T5571,HR_DC,-41587.81564272236
T5572,HR_DC,-41587.81564272236
T5573,HR_DC,-41587.81564272236
T5574,HR_DC,-41587.81564272236
T5575,HR_DC,-41587.81564272236
T5576,HR_DC,-41587.81564272236
T5577,HR_DC,-41587.81564272236
T5578,HR_DC,-41587.81564272236
T5579,HR_DC,-41587.81564272236
T5580,HR_DC,-41587.81564272236
T5581,HR_DC,-41587.81564272236
T5582,HR_DC,-41587.81564272236
T5583,HR_DC,-41587.81564272236
T5584,HR_DC,-41587.81564272236
T5585,HR_DC,-41587.81564272236
T5586,HR_DC,-41587.81564272236
T5587,HR_DC,-41587.81564272236
T5588,HR_DC,-41587.81564272236
T5589,HR_DC,-41587.81564272236
T5590,HR_DC,-41587.81564272236
T5591,HR_DC,-41587.81564272236
T5592,HR_DC,-41587.81564272236
T5593,HR_DC,-41587.81564272236
T5594,HR_DC,-41587.81564272236
T5595,HR_DC,-41587.81564272236
T5596,HR_DC,-41587.81564272236
T5597,HR_DC,-41587.81564272236
T5598,HR_DC,-41587.81564272236
T5599,HR_DC,-41587.81564272236
T5600,HR_DC,-41587.81564272236
T5601,HR_DC,-41587.81564272236
T5602,HR_DC,-41587.81564272236
T5603,HR_DC,-41587.81564272236
T5604,HR_DC,-41587.81564272236
T5605,HR_DC,-41587.81564272236
T5606,HR_DC,-41587.81564272236
T5607,HR_DC,-41587.81564272236
T5608,HR_DC,-41587.81564272236
T5609,HR_DC,-41587.81564272236
T5610,HR_DC,-41587.81564272236
T5611,HR_DC,-41587.81564272236
T5612,HR_DC,-41587.81564272236
T5613,HR_DC,-41587.81564272236
T5614,HR_DC,-41587.81564272236
T5615,HR_DC,-41587.81564272236
T5616,HR_DC,-41587.81564272236
T5617,HR_DC,-41587.81564272236
T5618,HR_DC,-41587.81564272236
T5619,HR_DC,-41587.81564272236
T5620,HR_DC,-41587.81564272236
T5621,HR_DC,-41587.81564272236
T5622,HR_DC,-41587.81564272236
T5623,HR_DC,-41587.81564272236
T5624,HR_DC,-41587.81564272236
T5625,HR_DC,-41587.81564272236
T5626,HR_DC,-41587.81564272236
T5627,HR_DC,-41587.81564272236
T5628,HR_DC,-41587.81564272236
T5629,HR_DC,-41587.81564272236
T5630,HR_DC,-41587.81564272236
T5631,HR_DC,-41587.81564272236
T5632,HR_DC,-41587.81564272236
T5633,HR_DC,-41587.81564272236
T5634,HR_DC,-41587.81564272236
T5635,HR_DC,-41587.81564272236
T5636,HR_DC,-41587.81564272236
T5637,HR_DC,-41587.81564272236
T5638,HR_DC,-41587.81564272236
T5639,HR_DC,-41587.81564272236
T5640,HR_DC,-41587.81564272236
T5641,HR_DC,-41587.81564272236
T5642,HR_DC,-41587.81564272236
T5643,HR_DC,-41587.81564272236
T5644,HR_DC,-41587.81564272236
T5645,HR_DC,-41587.81564272236
T5646,HR_DC,-41587.81564272236
T5647,HR_DC,-41587.81564272236
T5648,HR_DC,-41587.81564272236
T5649,HR_DC,-41587.81564272236
T5650,HR_DC,-41587.81564272236
T5651,HR_DC,-41587.81564272236
T5652,HR_DC,-41587.81564272236
T5653,HR_DC,-41587.81564272236
T5654,HR_DC,-41587.81564272236
T5655,HR_DC,-41587.81564272236
T5656,HR_DC,-41587.81564272236
T5657,HR_DC,-41587.81564272236
T5658,HR_DC,-41587.81564272236
T5659,HR_DC,-41587.81564272236
T5660,HR_DC,-41587.81564272236
T5661,HR_DC,-41587.81564272236
T5662,HR_DC,-41587.81564272236
T5663,HR_DC,-41587.81564272236
T5664,HR_DC,-41587.81564272236
T5665,HR_DC,-41587.81564272236
T5666,HR_DC,-41587.81564272236
T5667,HR_DC,-41587.81564272236
T5668,HR_DC,-41587.81564272236
T5669,HR_DC,-41587.81564272236
T5670,HR_DC,-41587.81564272236
T5671,HR_DC,-41587.81564272236
T5672,HR_DC,-41587.81564272236
T5673,HR_DC,-41587.81564272236
T5674,HR_DC,-41587.81564272236
T5675,HR_DC,-41587.81564272236
T5676,HR_DC,-41587.81564272236
T5677,HR_DC,-41587.81564272236
T5678,HR_DC,-41587.81564272236
T5679,HR_DC,-41587.81564272236
T5680,HR_DC,-41587.81564272236
T5681,HR_DC,-41587.81564272236
T5682,HR_DC,-41587.81564272236
T5683,HR_DC,-41587.81564272236
T5684,HR_DC,-41587.81564272236
T5685,HR_DC,-41587.81564272236
T5686,HR_DC,-41587.81564272236
T5687,HR_DC,-41587.81564272236
T5688,HR_DC,-41587.81564272236
T5689,HR_DC,-41587.81564272236
T5690,HR_DC,-41587.81564272236
T5691,HR_DC,-41587.81564272236
T5692,HR_DC,-41587.81564272236
T5693,HR_DC,-41587.81564272236
T5694,HR_DC,-41587.81564272236
T5695,HR_DC,-41587.81564272236
T5696,HR_DC,-41587.81564272236
T5697,HR_DC,-41587.81564272236
T5698,HR_DC,-41587.81564272236
T5699,HR_DC,-41587.81564272236
T5700,HR_DC,-41587.81564272236
T5701,HR_DC,-41587.81564272236
T5702,HR_DC,-41587.81564272236
T5703,HR_DC,-41587.81564272236
T5704,HR_DC,-41587.81564272236
T5705,HR_DC,-41587.81564272236
T5706,HR_DC,-41587.81564272236
T5707,HR_DC,-41587.81564272236
T5708,HR_DC,-41587.81564272236
T5709,HR_DC,-41587.81564272236
T5710,HR_DC,-41587.81564272236
T5711,HR_DC,-41587.81564272236
T5712,HR_DC,-41587.81564272236
T5713,HR_DC,-41587.81564272236
T5714,HR_DC,-41587.81564272236
T5715,HR_DC,-41587.81564272236
T5716,HR_DC,-41587.81564272236
T5717,HR_DC,-41587.81564272236
T5718,HR_DC,-41587.81564272236
T5719,HR_DC,-41587.81564272236
T5720,HR_DC,-41587.81564272236
T5721,HR_DC,-41587.81564272236
T5722,HR_DC,-41587.81564272236
T5723,HR_DC,-41587.81564272236
T5724,HR_DC,-41587.81564272236
T5725,HR_DC,-41587.81564272236
T5726,HR_DC,-41587.81564272236
T5727,HR_DC,-41587.81564272236
T5728,HR_DC,-41587.81564272236
T5729,HR_DC,-41587.81564272236
T5730,HR_DC,-41587.81564272236
T5731,HR_DC,-41587.81564272236
T5732,HR_DC,-41587.81564272236
T5733,HR_DC,-41587.81564272236
T5734,HR_DC,-41587.81564272236
T5735,HR_DC,-41587.81564272236
T5736,HR_DC,-41587.81564272236
T5737,HR_DC,-41587.81564272236
T5738,HR_DC,-41587.81564272236
T5739,HR_DC,-41587.81564272236
T5740,HR_DC,-41587.81564272236
T5741,HR_DC,-41587.81564272236
T5742,HR_DC,-41587.81564272236
T5743,HR_DC,-41587.81564272236
T5744,HR_DC,-41587.81564272236
T5745,HR_DC,-41587.81564272236
T5746,HR_DC,-41587.81564272236
T5747,HR_DC,-41587.81564272236
T5748,HR_DC,-41587.81564272236
T5749,HR_DC,-41587.81564272236
T5750,HR_DC,-41587.81564272236
T5751,HR_DC,-41587.81564272236
T5752,HR_DC,-41587.81564272236
T5753,HR_DC,-41587.81564272236
T5754,HR_DC,-41587.81564272236
T5755,HR_DC,-41587.81564272236
T5756,HR_DC,-41587.81564272236
T5757,HR_DC,-41587.81564272236
T5758,HR_DC,-41587.81564272236
T5759,HR_DC,-41587.81564272236
T5760,HR_DC,-41587.81564272236
T5761,HR_DC,-41587.81564272236
T5762,HR_DC,-41587.81564272236
T5763,HR_DC,-41587.81564272236
T5764,HR_DC,-41587.81564272236
T5765,HR_DC,-41587.81564272236
T5766,HR_DC,-41587.81564272236
T5767,HR_DC,-41587.81564272236
T5768,HR_DC,-41587.81564272236
T5769,HR_DC,-41587.81564272236
T5770,HR_DC,-41587.81564272236
T5771,HR_DC,-41587.81564272236
T5772,HR_DC,-41587.81564272236
T5773,HR_DC,-41587.81564272236
T5774,HR_DC,-41587.81564272236
T5775,HR_DC,-41587.81564272236
T5776,HR_DC,-41587.81564272236
T5777,HR_DC,-41587.81564272236
T5778,HR_DC,-41587.81564272236
T5779,HR_DC,-41587.81564272236
T5780,HR_DC,-41587.81564272236
T5781,HR_DC,-41587.81564272236
T5782,HR_DC,-41587.81564272236
T5783,HR_DC,-41587.81564272236
T5784,HR_DC,-41587.81564272236
T5785,HR_DC,-41587.81564272236
T5786,HR_DC,-41587.81564272236
T5787,HR_DC,-41587.81564272236
T5788,HR_DC,-41587.81564272236
T5789,HR_DC,-41587.81564272236
T5790,HR_DC,-41587.81564272236
T5791,HR_DC,-41587.81564272236
T5792,HR_DC,-41587.81564272236
T5793,HR_DC,-41587.81564272236
T5794,HR_DC,-41587.81564272236
T5795,HR_DC,-41587.81564272236
T5796,HR_DC,-41587.81564272236
T5797,HR_DC,-41587.81564272236
T5798,HR_DC,-41587.81564272236
T5799,HR_DC,-41587.81564272236
T5800,HR_DC,-41587.81564272236
T5801,HR_DC,-41587.81564272236
T5802,HR_DC,-41587.81564272236
T5803,HR_DC,-41587.81564272236
T5804,HR_DC,-41587.81564272236
T5805,HR_DC,-41587.81564272236
T5806,HR_DC,-41587.81564272236
T5807,HR_DC,-41587.81564272236
T5808,HR_DC,-41587.81564272236
T5809,HR_DC,-41587.81564272236
T5810,HR_DC,-41587.81564272236
T5811,HR_DC,-41587.81564272236
T5812,HR_DC,-41587.81564272236
T5813,HR_DC,-41587.81564272236
T5814,HR_DC,-41587.81564272236
T5815,HR_DC,-41587.81564272236
T5816,HR_DC,-41587.81564272236
T5817,HR_DC,-41587.81564272236
T5818,HR_DC,-41587.81564272236
T5819,HR_DC,-41587.81564272236
T5820,HR_DC,-41587.81564272236
T5821,HR_DC,-41587.81564272236
T5822,HR_DC,-41587.81564272236
T5823,HR_DC,-41587.81564272236
T5824,HR_DC,-41587.81564272236
T5825,HR_DC,-41587.81564272236
T5826,HR_DC,-41587.81564272236
T5827,HR_DC,-41587.81564272236
T5828,HR_DC,-41587.81564272236
T5829,HR_DC,-41587.81564272236
T5830,HR_DC,-41587.81564272236
T5831,HR_DC,-41587.81564272236
T5832,HR_DC,-41587.81564272236
T5833,HR_DC,-41587.81564272236
T5834,HR_DC,-41587.81564272236
T5835,HR_DC,-41587.81564272236
T5836,HR_DC,-41587.81564272236
T5837,HR_DC,-41587.81564272236
T5838,HR_DC,-41587.81564272236
T5839,HR_DC,-41587.81564272236
T5840,HR_DC,-41587.81564272236
T5841,HR_DC,-41576.11623769226
T5842,HR_DC,-41576.11623769226
T5843,HR_DC,-41576.11623769226
T5844,HR_DC,-41576.11623769226
T5845,HR_DC,-41576.11623769226
T5846,HR_DC,-41576.11623769226
T5847,HR_DC,-41576.11623769226
T5848,HR_DC,-41576.11623769226
T5849,HR_DC,-41576.11623769226
T5850,HR_DC,-41576.11623769226
T5851,HR_DC,-41576.11623769226
T5852,HR_DC,-41576.11623769226
T5853,HR_DC,-41576.11623769226
T5854,HR_DC,-41576.11623769226
T5855,HR_DC,-41576.11623769226
T5856,HR_DC,-41576.11623769226
T5857,HR_DC,-41576.11623769226
T5858,HR_DC,-41576.11623769226
T5859,HR_DC,-41576.11623769226
T5860,HR_DC,-41576.11623769226
T5861,HR_DC,-41576.11623769226
T5862,HR_DC,-41576.11623769226
T5863,HR_DC,-41576.11623769226
T5864,HR_DC,-41576.11623769226
T5865,HR_DC,-41576.11623769226
T5866,HR_DC,-41576.11623769226
T5867,HR_DC,-41576.11623769226
T5868,HR_DC,-41576.11623769226
T5869,HR_DC,-41576.11623769226
T5870,HR_DC,-41576.11623769226
T5871,HR_DC,-41576.11623769226
T5872,HR_DC,-41576.11623769226
T5873,HR_DC,-41576.11623769226
T5874,HR_DC,-41576.11623769226
T5875,HR_DC,-41576.11623769226
T5876,HR_DC,-41576.11623769226
T5877,HR_DC,-41576.11623769226
T5878,HR_DC,-41576.11623769226
T5879,HR_DC,-41576.11623769226
T5880,HR_DC,-41576.11623769226
T5881,HR_DC,-41576.11623769226
T5882,HR_DC,-41576.11623769226
T5883,HR_DC,-41576.11623769226
T5884,HR_DC,-41576.11623769226
T5885,HR_DC,-41576.11623769226
T5886,HR_DC,-41576.11623769226
T5887,HR_DC,-41576.11623769226
T5888,HR_DC,-41576.11623769226
T5889,HR_DC,-41576.11623769226
T5890,HR_DC,-41576.11623769226
T5891,HR_DC,-41576.11623769226
T5892,HR_DC,-41576.11623769226
T5893,HR_DC,-41576.11623769226
T5894,HR_DC,-41576.11623769226
T5895,HR_DC,-41576.11623769226
T5896,HR_DC,-41576.11623769226
T5897,HR_DC,-41576.11623769226
T5898,HR_DC,-41576.11623769226
T5899,HR_DC,-41576.11623769226
T5900,HR_DC,-41576.11623769226
T5901,HR_DC,-41576.11623769226
T5902,HR_DC,-41576.11623769226
T5903,HR_DC,-41576.11623769226
T5904,HR_DC,-41576.11623769226
T5905,HR_DC,-41576.11623769226
T5906,HR_DC,-41576.11623769226
T5907,HR_DC,-41576.11623769226
T5908,HR_DC,-41576.11623769226
T5909,HR_DC,-41576.11623769226
T5910,HR_DC,-41576.11623769226
T5911,HR_DC,-41576.11623769226
T5912,HR_DC,-41576.11623769226
T5913,HR_DC,-41576.11623769226
T5914,HR_DC,-41576.11623769226
T5915,HR_DC,-41576.11623769226
T5916,HR_DC,-41576.11623769226
T5917,HR_DC,-41576.11623769226
T5918,HR_DC,-41576.11623769226
T5919,HR_DC,-41576.11623769226
T5920,HR_DC,-41576.11623769226
T5921,HR_DC,-41576.11623769226
T5922,HR_DC,-41576.11623769226
T5923,HR_DC,-41576.11623769226
T5924,HR_DC,-41576.11623769226
T5925,HR_DC,-41576.11623769226
T5926,HR_DC,-41576.11623769226
T5927,HR_DC,-41576.11623769226
T5928,HR_DC,-41576.11623769226
T5929,HR_DC,-41576.11623769226
T5930,HR_DC,-41576.11623769226
T5931,HR_DC,-41576.11623769226
T5932,HR_DC,-41576.11623769226
T5933,HR_DC,-41576.11623769226
T5934,HR_DC,-41576.11623769226
T5935,HR_DC,-41576.11623769226
T5936,HR_DC,-41576.11623769226
T5937,HR_DC,-41576.11623769226
T5938,HR_DC,-41576.11623769226
T5939,HR_DC,-41576.11623769226
T5940,HR_DC,-41576.11623769226
T5941,HR_DC,-41576.11623769226
T5942,HR_DC,-41576.11623769226
T5943,HR_DC,-41576.11623769226
T5944,HR_DC,-41576.11623769226
T5945,HR_DC,-41576.11623769226
T5946,HR_DC,-41576.11623769226
T5947,HR_DC,-41576.11623769226
T5948,HR_DC,-41576.11623769226
T5949,HR_DC,-41576.11623769226
T5950,HR_DC,-41576.11623769226
T5951,HR_DC,-41576.11623769226
T5952,HR_DC,-41576.11623769226
T5953,HR_DC,-41576.11623769226
T5954,HR_DC,-41576.11623769226
T5955,HR_DC,-41576.11623769226
T5956,HR_DC,-41576.11623769226
T5957,HR_DC,-41576.11623769226
T5958,HR_DC,-41576.11623769226
T5959,HR_DC,-41576.11623769226
T5960,HR_DC,-41576.11623769226
T5961,HR_DC,-41576.11623769226
T5962,HR_DC,-41576.11623769226
T5963,HR_DC,-41576.11623769226
T5964,HR_DC,-41576.11623769226
T5965,HR_DC,-41576.11623769226
T5966,HR_DC,-41576.11623769226
T5967,HR_DC,-41576.11623769226
T5968,HR_DC,-41576.11623769226
T5969,HR_DC,-41576.11623769226
T5970,HR_DC,-41576.11623769226
T5971,HR_DC,-41576.11623769226
T5972,HR_DC,-41576.11623769226
T5973,HR_DC,-41576.11623769226
T5974,HR_DC,-41576.11623769226
T5975,HR_DC,-41576.11623769226
T5976,HR_DC,-41576.11623769226
T5977,HR_DC,-41576.11623769226
T5978,HR_DC,-41576.11623769226
T5979,HR_DC,-41576.11623769226
T5980,HR_DC,-41576.11623769226
T5981,HR_DC,-41576.11623769226
T5982,HR_DC,-41576.11623769226
T5983,HR_DC,-41576.11623769226
T5984,HR_DC,-41576.11623769226
T5985,HR_DC,-41576.11623769226
T5986,HR_DC,-41576.11623769226
T5987,HR_DC,-41576.11623769226
T5988,HR_DC,-41576.11623769226
T5989,HR_DC,-41576.11623769226
T5990,HR_DC,-41576.11623769226
T5991,HR_DC,-41576.11623769226
T5992,HR_DC,-41576.11623769226
T5993,HR_DC,-41576.11623769226
T5994,HR_DC,-41576.11623769226
T5995,HR_DC,-41576.11623769226
T5996,HR_DC,-41576.11623769226
T5997,HR_DC,-41576.11623769226
T5998,HR_DC,-41576.11623769226
T5999,HR_DC,-41576.11623769226
T6000,HR_DC,-41576.11623769226
T6001,HR_DC,-41576.11623769226
T6002,HR_DC,-41576.11623769226
T6003,HR_DC,-41576.11623769226
T6004,HR_DC,-41576.11623769226
T6005,HR_DC,-41576.11623769226
T6006,HR_DC,-41576.11623769226
T6007,HR_DC,-41576.11623769226
T6008,HR_DC,-41576.11623769226
T6009,HR_DC,-41576.11623769226
T6010,HR_DC,-41576.11623769226
T6011,HR_DC,-41576.11623769226
T6012,HR_DC,-41576.11623769226
T6013,HR_DC,-41576.11623769226
T6014,HR_DC,-41576.11623769226
T6015,HR_DC,-41576.11623769226
T6016,HR_DC,-41576.11623769226
T6017,HR_DC,-41576.11623769226
T6018,HR_DC,-41576.11623769226
T6019,HR_DC,-41576.11623769226
T6020,HR_DC,-41576.11623769226
T6021,HR_DC,-41576.11623769226
T6022,HR_DC,-41576.11623769226
T6023,HR_DC,-41576.11623769226
T6024,HR_DC,-41576.11623769226
T6025,HR_DC,-41576.11623769226
T6026,HR_DC,-41576.11623769226
T6027,HR_DC,-41576.11623769226
T6028,HR_DC,-41576.11623769226
T6029,HR_DC,-41576.11623769226
T6030,HR_DC,-41576.11623769226
T6031,HR_DC,-41576.11623769226
T6032,HR_DC,-41576.11623769226
T6033,HR_DC,-41576.11623769226
T6034,HR_DC,-41576.11623769226
T6035,HR_DC,-41576.11623769226
T6036,HR_DC,-41576.11623769226
T6037,HR_DC,-41576.11623769226
T6038,HR_DC,-41576.11623769226
T6039,HR_DC,-41576.11623769226
T6040,HR_DC,-41576.11623769226
T6041,HR_DC,-41576.11623769226
T6042,HR_DC,-41576.11623769226
T6043,HR_DC,-41576.11623769226
T6044,HR_DC,-41576.11623769226
T6045,HR_DC,-41576.11623769226
T6046,HR_DC,-41576.11623769226
T6047,HR_DC,-41576.11623769226
T6048,HR_DC,-41576.11623769226
T6049,HR_DC,-41576.11623769226
T6050,HR_DC,-41576.11623769226
T6051,HR_DC,-41576.11623769226
T6052,HR_DC,-41576.11623769226
T6053,HR_DC,-41576.11623769226
T6054,HR_DC,-41576.11623769226
T6055,HR_DC,-41576.11623769226
T6056,HR_DC,-41576.11623769226
T6057,HR_DC,-41576.11623769226
T6058,HR_DC,-41576.11623769226
T6059,HR_DC,-41576.11623769226
T6060,HR_DC,-41576.11623769226
T6061,HR_DC,-41576.11623769226
T6062,HR_DC,-41576.11623769226
T6063,HR_DC,-41576.11623769226
T6064,HR_DC,-41576.11623769226
T6065,HR_DC,-41576.11623769226
T6066,HR_DC,-41576.11623769226
T6067,HR_DC,-41576.11623769226
T6068,HR_DC,-41576.11623769226
T6069,HR_DC,-41576.11623769226
T6070,HR_DC,-41576.11623769226
T6071,HR_DC,-41576.11623769226
T6072,HR_DC,-41576.11623769226
T6073,HR_DC,-41576.11623769226
T6074,HR_DC,-41576.11623769226
T6075,HR_DC,-41576.11623769226
T6076,HR_DC,-41576.11623769226
T6077,HR_DC,-41576.11623769226
T6078,HR_DC,-41576.11623769226
T6079,HR_DC,-41576.11623769226
T6080,HR_DC,-41576.11623769226
T6081,HR_DC,-41576.11623769226
T6082,HR_DC,-41576.11623769226
T6083,HR_DC,-41576.11623769226
T6084,HR_DC,-41576.11623769226
T6085,HR_DC,-41576.11623769226
T6086,HR_DC,-41576.11623769226
T6087,HR_DC,-41576.11623769226
T6088,HR_DC,-41576.11623769226
T6089,HR_DC,-41576.11623769226
T6090,HR_DC,-41576.11623769226
T6091,HR_DC,-41576.11623769226
T6092,HR_DC,-41576.11623769226
T6093,HR_DC,-41576.11623769226
T6094,HR_DC,-41576.11623769226
T6095,HR_DC,-41576.11623769226
T6096,HR_DC,-41576.11623769226
T6097,HR_DC,-41576.11623769226
T6098,HR_DC,-41576.11623769226
T6099,HR_DC,-41576.11623769226
T6100,HR_DC,-41576.11623769226
T6101,HR_DC,-41576.11623769226
T6102,HR_DC,-41576.11623769226
T6103,HR_DC,-41576.11623769226
T6104,HR_DC,-41576.11623769226
T6105,HR_DC,-41576.11623769226
T6106,HR_DC,-41576.11623769226
T6107,HR_DC,-41576.11623769226
T6108,HR_DC,-41576.11623769226
T6109,HR_DC,-41576.11623769226
T6110,HR_DC,-41576.11623769226
T6111,HR_DC,-41576.11623769226
T6112,HR_DC,-41576.11623769226
T6113,HR_DC,-41576.11623769226
T6114,HR_DC,-41576.11623769226
T6115,HR_DC,-41576.11623769226
T6116,HR_DC,-41576.11623769226
T6117,HR_DC,-41576.11623769226
T6118,HR_DC,-41576.11623769226
T6119,HR_DC,-41576.11623769226
T6120,HR_DC,-41576.11623769226
T6121,HR_DC,-41576.11623769226
T6122,HR_DC,-41576.11623769226
T6123,HR_DC,-41576.11623769226
T6124,HR_DC,-41576.11623769226
T6125,HR_DC,-41576.11623769226
T6126,HR_DC,-41576.11623769226
T6127,HR_DC,-41576.11623769226
T6128,HR_DC,-41576.11623769226
T6129,HR_DC,-41576.11623769226
T6130,HR_DC,-41576.11623769226
T6131,HR_DC,-41576.11623769226
T6132,HR_DC,-41576.11623769226
T6133,HR_DC,-41576.11623769226
T6134,HR_DC,-41576.11623769226
T6135,HR_DC,-41576.11623769226
T6136,HR_DC,-41576.11623769226
T6137,HR_DC,-41576.11623769226
T6138,HR_DC,-41576.11623769226
T6139,HR_DC,-41576.11623769226
T6140,HR_DC,-41576.11623769226
T6141,HR_DC,-41576.11623769226
T6142,HR_DC,-41576.11623769226
T6143,HR_DC,-41576.11623769226
T6144,HR_DC,-41576.11623769226
T6145,HR_DC,-41576.11623769226
T6146,HR_DC,-41576.11623769226
T6147,HR_DC,-41576.11623769226
T6148,HR_DC,-41576.11623769226
T6149,HR_DC,-41576.11623769226
T6150,HR_DC,-41576.11623769226
T6151,HR_DC,-41576.11623769226
T6152,HR_DC,-41576.11623769226
T6153,HR_DC,-41576.11623769226
T6154,HR_DC,-41576.11623769226
T6155,HR_DC,-41576.11623769226
T6156,HR_DC,-41576.11623769226
T6157,HR_DC,-41576.11623769226
T6158,HR_DC,-41576.11623769226
T6159,HR_DC,-41576.11623769226
T6160,HR_DC,-41576.11623769226
T6161,HR_DC,-41576.11623769226
T6162,HR_DC,-41576.11623769226
T6163,HR_DC,-41576.11623769226
T6164,HR_DC,-41576.11623769226
T6165,HR_DC,-41576.11623769226
T6166,HR_DC,-41576.11623769226
T6167,HR_DC,-41576.11623769226
T6168,HR_DC,-41576.11623769226
T6169,HR_DC,-41576.11623769226
T6170,HR_DC,-41576.11623769226
T6171,HR_DC,-41576.11623769226
T6172,HR_DC,-41576.11623769226
T6173,HR_DC,-41576.11623769226
T6174,HR_DC,-41576.11623769226
T6175,HR_DC,-41576.11623769226
T6176,HR_DC,-41576.11623769226
T6177,HR_DC,-41576.11623769226
T6178,HR_DC,-41576.11623769226
T6179,HR_DC,-41576.11623769226
T6180,HR_DC,-41576.11623769226
T6181,HR_DC,-41576.11623769226
T6182,HR_DC,-41576.11623769226
T6183,HR_DC,-41576.11623769226
T6184,HR_DC,-41576.11623769226
T6185,HR_DC,-41576.11623769226
T6186,HR_DC,-41576.11623769226
T6187,HR_DC,-41576.11623769226
T6188,HR_DC,-41576.11623769226
T6189,HR_DC,-41576.11623769226
T6190,HR_DC,-41576.11623769226
T6191,HR_DC,-41576.11623769226
T6192,HR_DC,-41576.11623769226
T6193,HR_DC,-41576.11623769226
T6194,HR_DC,-41576.11623769226
T6195,HR_DC,-41576.11623769226
T6196,HR_DC,-41576.11623769226
T6197,HR_DC,-41576.11623769226
T6198,HR_DC,-41576.11623769226
T6199,HR_DC,-41576.11623769226
T6200,HR_DC,-41576.11623769226
T6201,HR_DC,-41576.11623769226
T6202,HR_DC,-41576.11623769226
T6203,HR_DC,-41576.11623769226
T6204,HR_DC,-41576.11623769226
T6205,HR_DC,-41576.11623769226
T6206,HR_DC,-41576.11623769226
T6207,HR_DC,-41576.11623769226
T6208,HR_DC,-41576.11623769226
T6209,HR_DC,-41576.11623769226
T6210,HR_DC,-41576.11623769226
T6211,HR_DC,-41576.11623769226
T6212,HR_DC,-41576.11623769226
T6213,HR_DC,-41576.11623769226
T6214,HR_DC,-41576.11623769226
T6215,HR_DC,-41576.11623769226
T6216,HR_DC,-41576.11623769226
T6217,HR_DC,-41576.11623769226
T6218,HR_DC,-41576.11623769226
T6219,HR_DC,-41576.11623769226
T6220,HR_DC,-41576.11623769226
T6221,HR_DC,-41576.11623769226
T6222,HR_DC,-41576.11623769226
T6223,HR_DC,-41576.11623769226
T6224,HR_DC,-41576.11623769226
T6225,HR_DC,-41576.11623769226
T6226,HR_DC,-41576.11623769226
T6227,HR_DC,-41576.11623769226
T6228,HR_DC,-41576.11623769226
T6229,HR_DC,-41576.11623769226
T6230,HR_DC,-41576.11623769226
T6231,HR_DC,-41576.11623769226
T6232,HR_DC,-41576.11623769226
T6233,HR_DC,-41576.11623769226
T6234,HR_DC,-41576.11623769226
T6235,HR_DC,-41576.11623769226
T6236,HR_DC,-41576.11623769226
T6237,HR_DC,-41576.11623769226
T6238,HR_DC,-41576.11623769226
T6239,HR_DC,-41576.11623769226
T6240,HR_DC,-41576.11623769226
T6241,HR_DC,-41576.11623769226
T6242,HR_DC,-41576.11623769226
T6243,HR_DC,-41576.11623769226
T6244,HR_DC,-41576.11623769226
T6245,HR_DC,-41576.11623769226
T6246,HR_DC,-41576.11623769226
T6247,HR_DC,-41576.11623769226
T6248,HR_DC,-41576.11623769226
T6249,HR_DC,-41576.11623769226
T6250,HR_DC,-41576.11623769226
T6251,HR_DC,-41576.11623769226
T6252,HR_DC,-41576.11623769226
T6253,HR_DC,-41576.11623769226
T6254,HR_DC,-41576.11623769226
T6255,HR_DC,-41576.11623769226
T6256,HR_DC,-41576.11623769226
T6257,HR_DC,-41576.11623769226
T6258,HR_DC,-41576.11623769226
T6259,HR_DC,-41576.11623769226
T6260,HR_DC,-41576.11623769226
T6261,HR_DC,-41576.11623769226
T6262,HR_DC,-41576.11623769226
T6263,HR_DC,-41576.11623769226
T6264,HR_DC,-41576.11623769226
T6265,HR_DC,-41576.11623769226
T6266,HR_DC,-41576.11623769226
T6267,HR_DC,-41576.11623769226
T6268,HR_DC,-41576.11623769226
T6269,HR_DC,-41576.11623769226
T6270,HR_DC,-41576.11623769226
T6271,HR_DC,-41576.11623769226
T6272,HR_DC,-41576.11623769226
T6273,HR_DC,-41576.11623769226
T6274,HR_DC,-41576.11623769226
T6275,HR_DC,-41576.11623769226
T6276,HR_DC,-41576.11623769226
T6277,HR_DC,-41576.11623769226
T6278,HR_DC,-41576.11623769226
T6279,HR_DC,-41576.11623769226
T6280,HR_DC,-41576.11623769226
T6281,HR_DC,-41576.11623769226
T6282,HR_DC,-41576.11623769226
T6283,HR_DC,-41576.11623769226
T6284,HR_DC,-41576.11623769226
T6285,HR_DC,-41576.11623769226
T6286,HR_DC,-41576.11623769226
T6287,HR_DC,-41576.11623769226
T6288,HR_DC,-41576.11623769226
T6289,HR_DC,-41576.11623769226
T6290,HR_DC,-41576.11623769226
T6291,HR_DC,-41576.11623769226
T6292,HR_DC,-41576.11623769226
T6293,HR_DC,-41576.11623769226
T6294,HR_DC,-41576.11623769226
T6295,HR_DC,-41576.11623769226
T6296,HR_DC,-41576.11623769226
T6297,HR_DC,-41576.11623769226
T6298,HR_DC,-41576.11623769226
T6299,HR_DC,-41576.11623769226
T6300,HR_DC,-41576.11623769226
T6301,HR_DC,-41576.11623769226
T6302,HR_DC,-41576.11623769226
T6303,HR_DC,-41576.11623769226
T6304,HR_DC,-41576.11623769226
T6305,HR_DC,-41576.11623769226
T6306,HR_DC,-41576.11623769226
T6307,HR_DC,-41576.11623769226
T6308,HR_DC,-41576.11623769226
T6309,HR_DC,-41576.11623769226
T6310,HR_DC,-41576.11623769226
T6311,HR_DC,-41576.11623769226
T6312,HR_DC,-41576.11623769226
T6313,HR_DC,-41576.11623769226
T6314,HR_DC,-41576.11623769226
T6315,HR_DC,-41576.11623769226
T6316,HR_DC,-41576.11623769226
T6317,HR_DC,-41576.11623769226
T6318,HR_DC,-41576.11623769226
T6319,HR_DC,-41576.11623769226
T6320,HR_DC,-41576.11623769226
T6321,HR_DC,-41576.11623769226
T6322,HR_DC,-41576.11623769226
T6323,HR_DC,-41576.11623769226
T6324,HR_DC,-41576.11623769226
T6325,HR_DC,-41576.11623769226
T6326,HR_DC,-41576.11623769226
T6327,HR_DC,-41576.11623769226
T6328,HR_DC,-41576.11623769226
T6329,HR_DC,-41576.11623769226
T6330,HR_DC,-41576.11623769226
T6331,HR_DC,-41576.11623769226
T6332,HR_DC,-41576.11623769226
T6333,HR_DC,-41576.11623769226
T6334,HR_DC,-41576.11623769226
T6335,HR_DC,-41576.11623769226
T6336,HR_DC,-41576.11623769226
T6337,HR_DC,-41576.11623769226
T6338,HR_DC,-41576.11623769226
T6339,HR_DC,-41576.11623769226
T6340,HR_DC,-41576.11623769226
T6341,HR_DC,-41576.11623769226
T6342,HR_DC,-41576.11623769226
T6343,HR_DC,-41576.11623769226
T6344,HR_DC,-41576.11623769226
T6345,HR_DC,-41576.11623769226
T6346,HR_DC,-41576.11623769226
T6347,HR_DC,-41576.11623769226
T6348,HR_DC,-41576.11623769226
T6349,HR_DC,-41576.11623769226
T6350,HR_DC,-41576.11623769226
T6351,HR_DC,-41576.11623769226
T6352,HR_DC,-41576.11623769226
T6353,HR_DC,-41576.11623769226
T6354,HR_DC,-41576.11623769226
T6355,HR_DC,-41576.11623769226
T6356,HR_DC,-41576.11623769226
T6357,HR_DC,-41576.11623769226
T6358,HR_DC,-41576.11623769226
T6359,HR_DC,-41576.11623769226
T6360,HR_DC,-41576.11623769226
T6361,HR_DC,-41576.11623769226
T6362,HR_DC,-41576.11623769226
T6363,HR_DC,-41576.11623769226
T6364,HR_DC,-41576.11623769226
T6365,HR_DC,-41576.11623769226
T6366,HR_DC,-41576.11623769226
T6367,HR_DC,-41576.11623769226
T6368,HR_DC,-41576.11623769226
T6369,HR_DC,-41576.11623769226
T6370,HR_DC,-41576.11623769226
T6371,HR_DC,-41576.11623769226
T6372,HR_DC,-41576.11623769226
T6373,HR_DC,-41576.11623769226
T6374,HR_DC,-41576.11623769226
T6375,HR_DC,-41576.11623769226
T6376,HR_DC,-41576.11623769226
T6377,HR_DC,-41576.11623769226
T6378,HR_DC,-41576.11623769226
T6379,HR_DC,-41576.11623769226
T6380,HR_DC,-41576.11623769226
T6381,HR_DC,-41576.11623769226
T6382,HR_DC,-41576.11623769226
T6383,HR_DC,-41576.11623769226
T6384,HR_DC,-41576.11623769226
T6385,HR_DC,-41576.11623769226
T6386,HR_DC,-41576.11623769226
T6387,HR_DC,-41576.11623769226
T6388,HR_DC,-41576.11623769226
T6389,HR_DC,-41576.11623769226
T6390,HR_DC,-41576.11623769226
T6391,HR_DC,-41576.11623769226
T6392,HR_DC,-41576.11623769226
T6393,HR_DC,-41576.11623769226
T6394,HR_DC,-41576.11623769226
T6395,HR_DC,-41576.11623769226
T6396,HR_DC,-41576.11623769226
T6397,HR_DC,-41576.11623769226
T6398,HR_DC,-41576.11623769226
T6399,HR_DC,-41576.11623769226
T6400,HR_DC,-41576.11623769226
T6401,HR_DC,-41576.11623769226
T6402,HR_DC,-41576.11623769226
T6403,HR_DC,-41576.11623769226
T6404,HR_DC,-41576.11623769226
T6405,HR_DC,-41576.11623769226
T6406,HR_DC,-41576.11623769226
T6407,HR_DC,-41576.11623769226
T6408,HR_DC,-41576.11623769226
T6409,HR_DC,-41576.11623769226
T6410,HR_DC,-41576.11623769226
T6411,HR_DC,-41576.11623769226
T6412,HR_DC,-41576.11623769226
T6413,HR_DC,-41576.11623769226
T6414,HR_DC,-41576.11623769226
T6415,HR_DC,-41576.11623769226
T6416,HR_DC,-41576.11623769226
T6417,HR_DC,-41576.11623769226
T6418,HR_DC,-41576.11623769226
T6419,HR_DC,-41576.11623769226
T6420,HR_DC,-41576.11623769226
T6421,HR_DC,-41576.11623769226
T6422,HR_DC,-41576.11623769226
T6423,HR_DC,-41576.11623769226
T6424,HR_DC,-41576.11623769226
T6425,HR_DC,-41576.11623769226
T6426,HR_DC,-41576.11623769226
T6427,HR_DC,-41576.11623769226
T6428,HR_DC,-41576.11623769226
T6429,HR_DC,-41576.11623769226
T6430,HR_DC,-41576.11623769226
T6431,HR_DC,-41576.11623769226
T6432,HR_DC,-41576.11623769226
T6433,HR_DC,-41576.11623769226
T6434,HR_DC,-41576.11623769226
T6435,HR_DC,-41576.11623769226
T6436,HR_DC,-41576.11623769226
T6437,HR_DC,-41576.11623769226
T6438,HR_DC,-41576.11623769226
T6439,HR_DC,-41576.11623769226
T6440,HR_DC,-41576.11623769226
T6441,HR_DC,-41576.11623769226
T6442,HR_DC,-41576.11623769226
T6443,HR_DC,-41576.11623769226
T6444,HR_DC,-41576.11623769226
T6445,HR_DC,-41576.11623769226
T6446,HR_DC,-41576.11623769226
T6447,HR_DC,-41576.11623769226
T6448,HR_DC,-41576.11623769226
T6449,HR_DC,-41576.11623769226
T6450,HR_DC,-41576.11623769226
T6451,HR_DC,-41576.11623769226
T6452,HR_DC,-41576.11623769226
T6453,HR_DC,-41576.11623769226
T6454,HR_DC,-41576.11623769226
T6455,HR_DC,-41576.11623769226
T6456,HR_DC,-41576.11623769226
T6457,HR_DC,-41576.11623769226
T6458,HR_DC,-41576.11623769226
T6459,HR_DC,-41576.11623769226
T6460,HR_DC,-41576.11623769226
T6461,HR_DC,-41576.11623769226
T6462,HR_DC,-41576.11623769226
T6463,HR_DC,-41576.11623769226
T6464,HR_DC,-41576.11623769226
T6465,HR_DC,-41576.11623769226
T6466,HR_DC,-41576.11623769226
T6467,HR_DC,-41576.11623769226
T6468,HR_DC,-41576.11623769226
T6469,HR_DC,-41576.11623769226
T6470,HR_DC,-41576.11623769226
T6471,HR_DC,-41576.11623769226
T6472,HR_DC,-41576.11623769226
T6473,HR_DC,-41576.11623769226
T6474,HR_DC,-41576.11623769226
T6475,HR_DC,-41576.11623769226
T6476,HR_DC,-41576.11623769226
T6477,HR_DC,-41576.11623769226
T6478,HR_DC,-41576.11623769226
T6479,HR_DC,-41576.11623769226
T6480,HR_DC,-41576.11623769226
T6481,HR_DC,-41576.11623769226
T6482,HR_DC,-41576.11623769226
T6483,HR_DC,-41576.11623769226
T6484,HR_DC,-41576.11623769226
T6485,HR_DC,-41576.11623769226
T6486,HR_DC,-41576.11623769226
T6487,HR_DC,-41576.11623769226
T6488,HR_DC,-41576.11623769226
T6489,HR_DC,-41576.11623769226
T6490,HR_DC,-41576.11623769226
T6491,HR_DC,-41576.11623769226
T6492,HR_DC,-41576.11623769226
T6493,HR_DC,-41576.11623769226
T6494,HR_DC,-41576.11623769226
T6495,HR_DC,-41576.11623769226
T6496,HR_DC,-41576.11623769226
T6497,HR_DC,-41576.11623769226
T6498,HR_DC,-41576.11623769226
T6499,HR_DC,-41576.11623769226
T6500,HR_DC,-41576.11623769226
T6501,HR_DC,-41576.11623769226
T6502,HR_DC,-41576.11623769226
T6503,HR_DC,-41576.11623769226
T6504,HR_DC,-41576.11623769226
T6505,HR_DC,-41576.11623769226
T6506,HR_DC,-41576.11623769226
T6507,HR_DC,-41576.11623769226
T6508,HR_DC,-41576.11623769226
T6509,HR_DC,-41576.11623769226
T6510,HR_DC,-41576.11623769226
T6511,HR_DC,-41576.11623769226
T6512,HR_DC,-41576.11623769226
T6513,HR_DC,-41576.11623769226
T6514,HR_DC,-41576.11623769226
T6515,HR_DC,-41576.11623769226
T6516,HR_DC,-41576.11623769226
T6517,HR_DC,-41576.11623769226
T6518,HR_DC,-41576.11623769226
T6519,HR_DC,-41576.11623769226
T6520,HR_DC,-41576.11623769226
T6521,HR_DC,-41576.11623769226
T6522,HR_DC,-41576.11623769226
T6523,HR_DC,-41576.11623769226
T6524,HR_DC,-41576.11623769226
T6525,HR_DC,-41576.11623769226
T6526,HR_DC,-41576.11623769226
T6527,HR_DC,-41576.11623769226
T6528,HR_DC,-41576.11623769226
T6529,HR_DC,-41576.11623769226
T6530,HR_DC,-41576.11623769226
T6531,HR_DC,-41576.11623769226
T6532,HR_DC,-41576.11623769226
T6533,HR_DC,-41576.11623769226
T6534,HR_DC,-41576.11623769226
T6535,HR_DC,-41576.11623769226
T6536,HR_DC,-41576.11623769226
T6537,HR_DC,-41576.11623769226
T6538,HR_DC,-41576.11623769226
T6539,HR_DC,-41576.11623769226
T6540,HR_DC,-41576.11623769226
T6541,HR_DC,-41576.11623769226
T6542,HR_DC,-41576.11623769226
T6543,HR_DC,-41576.11623769226
T6544,HR_DC,-41576.11623769226
T6545,HR_DC,-41576.11623769226
T6546,HR_DC,-41576.11623769226
T6547,HR_DC,-41576.11623769226
T6548,HR_DC,-41576.11623769226
T6549,HR_DC,-41576.11623769226
T6550,HR_DC,-41576.11623769226
T6551,HR_DC,-41576.11623769226
T6552,HR_DC,-41576.11623769226
T6553,HR_DC,-41576.11623769226
T6554,HR_DC,-41576.11623769226
T6555,HR_DC,-41576.11623769226
T6556,HR_DC,-41576.11623769226
T6557,HR_DC,-41576.11623769226
T6558,HR_DC,-41576.11623769226
T6559,HR_DC,-41576.11623769226
T6560,HR_DC,-41576.11623769226
T6561,HR_DC,-41576.11623769226
T6562,HR_DC,-41576.11623769226
T6563,HR_DC,-41576.11623769226
T6564,HR_DC,-41576.11623769226
T6565,HR_DC,-41576.11623769226
T6566,HR_DC,-41576.11623769226
T6567,HR_DC,-41576.11623769226
T6568,HR_DC,-41576.11623769226
T6569,HR_DC,-41576.11623769226
T6570,HR_DC,-41576.11623769226
T6571,HR_DC,-41518.32590240121
T6572,HR_DC,-41518.32590240121
T6573,HR_DC,-41518.32590240121
T6574,HR_DC,-41518.32590240121
T6575,HR_DC,-41518.32590240121
T6576,HR_DC,-41518.32590240121
T6577,HR_DC,-41518.32590240121
T6578,HR_DC,-41518.32590240121
T6579,HR_DC,-41518.32590240121
T6580,HR_DC,-41518.32590240121
T6581,HR_DC,-41518.32590240121
T6582,HR_DC,-41518.32590240121
T6583,HR_DC,-41518.32590240121
T6584,HR_DC,-41518.32590240121
T6585,HR_DC,-41518.32590240121
T6586,HR_DC,-41518.32590240121
T6587,HR_DC,-41518.32590240121
T6588,HR_DC,-41518.32590240121
T6589,HR_DC,-41518.32590240121
T6590,HR_DC,-41518.32590240121
T6591,HR_DC,-41518.32590240121
T6592,HR_DC,-41518.32590240121
T6593,HR_DC,-41518.32590240121
T6594,HR_DC,-41518.32590240121
T6595,HR_DC,-41518.32590240121
T6596,HR_DC,-41518.32590240121
T6597,HR_DC,-41518.32590240121
T6598,HR_DC,-41518.32590240121
T6599,HR_DC,-41518.32590240121
T6600,HR_DC,-41518.32590240121
T6601,HR_DC,-41518.32590240121
T6602,HR_DC,-41518.32590240121
T6603,HR_DC,-41518.32590240121
T6604,HR_DC,-41518.32590240121
T6605,HR_DC,-41518.32590240121
T6606,HR_DC,-41518.32590240121
T6607,HR_DC,-41518.32590240121
T6608,HR_DC,-41518.32590240121
T6609,HR_DC,-41518.32590240121
T6610,HR_DC,-41518.32590240121
T6611,HR_DC,-41518.32590240121
T6612,HR_DC,-41518.32590240121
T6613,HR_DC,-41518.32590240121
T6614,HR_DC,-41518.32590240121
T6615,HR_DC,-41518.32590240121
T6616,HR_DC,-41518.32590240121
T6617,HR_DC,-41518.32590240121
T6618,HR_DC,-41518.32590240121
T6619,HR_DC,-41518.32590240121
T6620,HR_DC,-41518.32590240121
T6621,HR_DC,-41518.32590240121
T6622,HR_DC,-41518.32590240121
T6623,HR_DC,-41518.32590240121
T6624,HR_DC,-41518.32590240121
T6625,HR_DC,-41518.32590240121
T6626,HR_DC,-41518.32590240121
T6627,HR_DC,-41518.32590240121
T6628,HR_DC,-41518.32590240121
T6629,HR_DC,-41518.32590240121
T6630,HR_DC,-41518.32590240121
T6631,HR_DC,-41518.32590240121
T6632,HR_DC,-41518.32590240121
T6633,HR_DC,-41518.32590240121
T6634,HR_DC,-41518.32590240121
T6635,HR_DC,-41518.32590240121
T6636,HR_DC,-41518.32590240121
T6637,HR_DC,-41518.32590240121
T6638,HR_DC,-41518.32590240121
T6639,HR_DC,-41518.32590240121
T6640,HR_DC,-41518.32590240121
T6641,HR_DC,-41518.32590240121
T6642,HR_DC,-41518.32590240121
T6643,HR_DC,-41518.32590240121
T6644,HR_DC,-41518.32590240121
T6645,HR_DC,-41518.32590240121
T6646,HR_DC,-41518.32590240121
T6647,HR_DC,-41518.32590240121
T6648,HR_DC,-41518.32590240121
T6649,HR_DC,-41518.32590240121
T6650,HR_DC,-41518.32590240121
T6651,HR_DC,-41518.32590240121
T6652,HR_DC,-41518.32590240121
T6653,HR_DC,-41518.32590240121
T6654,HR_DC,-41518.32590240121
T6655,HR_DC,-41518.32590240121
T6656,HR_DC,-41518.32590240121
T6657,HR_DC,-41518.32590240121
T6658,HR_DC,-41518.32590240121
T6659,HR_DC,-41518.32590240121
T6660,HR_DC,-41518.32590240121
T6661,HR_DC,-41518.32590240121
T6662,HR_DC,-41518.32590240121
T6663,HR_DC,-41518.32590240121
T6664,HR_DC,-41518.32590240121
T6665,HR_DC,-41518.32590240121
T6666,HR_DC,-41518.32590240121
T6667,HR_DC,-41518.32590240121
T6668,HR_DC,-41518.32590240121
T6669,HR_DC,-41518.32590240121
T6670,HR_DC,-41518.32590240121
T6671,HR_DC,-41518.32590240121
T6672,HR_DC,-41518.32590240121
T6673,HR_DC,-41518.32590240121
T6674,HR_DC,-41518.32590240121
T6675,HR_DC,-41518.32590240121
T6676,HR_DC,-41518.32590240121
T6677,HR_DC,-41518.32590240121
T6678,HR_DC,-41518.32590240121
T6679,HR_DC,-41518.32590240121
T6680,HR_DC,-41518.32590240121
T6681,HR_DC,-41518.32590240121
T6682,HR_DC,-41518.32590240121
T6683,HR_DC,-41518.32590240121
T6684,HR_DC,-41518.32590240121
T6685,HR_DC,-41518.32590240121
T6686,HR_DC,-41518.32590240121
T6687,HR_DC,-41518.32590240121
T6688,HR_DC,-41518.32590240121
T6689,HR_DC,-41518.32590240121
T6690,HR_DC,-41518.32590240121
T6691,HR_DC,-41518.32590240121
T6692,HR_DC,-41518.32590240121
T6693,HR_DC,-41518.32590240121
T6694,HR_DC,-41518.32590240121
T6695,HR_DC,-41518.32590240121
T6696,HR_DC,-41518.32590240121
T6697,HR_DC,-41518.32590240121
T6698,HR_DC,-41518.32590240121
T6699,HR_DC,-41518.32590240121
T6700,HR_DC,-41518.32590240121
T6701,HR_DC,-41518.32590240121
T6702,HR_DC,-41518.32590240121
T6703,HR_DC,-41518.32590240121
T6704,HR_DC,-41518.32590240121
T6705,HR_DC,-41518.32590240121
T6706,HR_DC,-41518.32590240121
T6707,HR_DC,-41518.32590240121
T6708,HR_DC,-41518.32590240121
T6709,HR_DC,-41518.32590240121
T6710,HR_DC,-41518.32590240121
T6711,HR_DC,-41518.32590240121
T6712,HR_DC,-41518.32590240121
T6713,HR_DC,-41518.32590240121
T6714,HR_DC,-41518.32590240121
T6715,HR_DC,-41518.32590240121
T6716,HR_DC,-41518.32590240121
T6717,HR_DC,-41518.32590240121
T6718,HR_DC,-41518.32590240121
T6719,HR_DC,-41518.32590240121
T6720,HR_DC,-41518.32590240121
T6721,HR_DC,-41518.32590240121
T6722,HR_DC,-41518.32590240121
T6723,HR_DC,-41518.32590240121
T6724,HR_DC,-41518.32590240121
T6725,HR_DC,-41518.32590240121
T6726,HR_DC,-41518.32590240121
T6727,HR_DC,-41518.32590240121
T6728,HR_DC,-41518.32590240121
T6729,HR_DC,-41518.32590240121
T6730,HR_DC,-41518.32590240121
T6731,HR_DC,-41518.32590240121
T6732,HR_DC,-41518.32590240121
T6733,HR_DC,-41518.32590240121
T6734,HR_DC,-41518.32590240121
T6735,HR_DC,-41518.32590240121
T6736,HR_DC,-41518.32590240121
T6737,HR_DC,-41518.32590240121
T6738,HR_DC,-41518.32590240121
T6739,HR_DC,-41518.32590240121
T6740,HR_DC,-41518.32590240121
T6741,HR_DC,-41518.32590240121
T6742,HR_DC,-41518.32590240121
T6743,HR_DC,-41518.32590240121
T6744,HR_DC,-41518.32590240121
T6745,HR_DC,-41518.32590240121
T6746,HR_DC,-41518.32590240121
T6747,HR_DC,-41518.32590240121
T6748,HR_DC,-41518.32590240121
T6749,HR_DC,-41518.32590240121
T6750,HR_DC,-41518.32590240121
T6751,HR_DC,-41518.32590240121
T6752,HR_DC,-41518.32590240121
T6753,HR_DC,-41518.32590240121
T6754,HR_DC,-41518.32590240121
T6755,HR_DC,-41518.32590240121
T6756,HR_DC,-41518.32590240121
T6757,HR_DC,-41518.32590240121
T6758,HR_DC,-41518.32590240121
T6759,HR_DC,-41518.32590240121
T6760,HR_DC,-41518.32590240121
T6761,HR_DC,-41518.32590240121
T6762,HR_DC,-41518.32590240121
T6763,HR_DC,-41518.32590240121
T6764,HR_DC,-41518.32590240121
T6765,HR_DC,-41518.32590240121
T6766,HR_DC,-41518.32590240121
T6767,HR_DC,-41518.32590240121
T6768,HR_DC,-41518.32590240121
T6769,HR_DC,-41518.32590240121
T6770,HR_DC,-41518.32590240121
T6771,HR_DC,-41518.32590240121
T6772,HR_DC,-41518.32590240121
T6773,HR_DC,-41518.32590240121
T6774,HR_DC,-41518.32590240121
T6775,HR_DC,-41518.32590240121
T6776,HR_DC,-41518.32590240121
T6777,HR_DC,-41518.32590240121
T6778,HR_DC,-41518.32590240121
T6779,HR_DC,-41518.32590240121
T6780,HR_DC,-41518.32590240121
T6781,HR_DC,-41518.32590240121
T6782,HR_DC,-41518.32590240121
T6783,HR_DC,-41518.32590240121
T6784,HR_DC,-41518.32590240121
T6785,HR_DC,-41518.32590240121
T6786,HR_DC,-41518.32590240121
T6787,HR_DC,-41518.32590240121
T6788,HR_DC,-41518.32590240121
T6789,HR_DC,-41518.32590240121
T6790,HR_DC,-41518.32590240121
T6791,HR_DC,-41518.32590240121
T6792,HR_DC,-41518.32590240121
T6793,HR_DC,-41518.32590240121
T6794,HR_DC,-41518.32590240121
T6795,HR_DC,-41518.32590240121
T6796,HR_DC,-41518.32590240121
T6797,HR_DC,-41518.32590240121
T6798,HR_DC,-41518.32590240121
T6799,HR_DC,-41518.32590240121
T6800,HR_DC,-41518.32590240121
T6801,HR_DC,-41518.32590240121
T6802,HR_DC,-41518.32590240121
T6803,HR_DC,-41518.32590240121
T6804,HR_DC,-41518.32590240121
T6805,HR_DC,-41518.32590240121
T6806,HR_DC,-41518.32590240121
T6807,HR_DC,-41518.32590240121
T6808,HR_DC,-41518.32590240121
T6809,HR_DC,-41518.32590240121
T6810,HR_DC,-41518.32590240121
T6811,HR_DC,-41518.32590240121
T6812,HR_DC,-41518.32590240121
T6813,HR_DC,-41518.32590240121
T6814,HR_DC,-41518.32590240121
T6815,HR_DC,-41518.32590240121
T6816,HR_DC,-41518.32590240121
T6817,HR_DC,-41518.32590240121
T6818,HR_DC,-41518.32590240121
T6819,HR_DC,-41518.32590240121
T6820,HR_DC,-41518.32590240121
T6821,HR_DC,-41518.32590240121
T6822,HR_DC,-41518.32590240121
T6823,HR_DC,-41518.32590240121
T6824,HR_DC,-41518.32590240121
T6825,HR_DC,-41518.32590240121
T6826,HR_DC,-41518.32590240121
T6827,HR_DC,-41518.32590240121
T6828,HR_DC,-41518.32590240121
T6829,HR_DC,-41518.32590240121
T6830,HR_DC,-41518.32590240121
T6831,HR_DC,-41518.32590240121
T6832,HR_DC,-41518.32590240121
T6833,HR_DC,-41518.32590240121
T6834,HR_DC,-41518.32590240121
T6835,HR_DC,-41518.32590240121
T6836,HR_DC,-41518.32590240121
T6837,HR_DC,-41518.32590240121
T6838,HR_DC,-41518.32590240121
T6839,HR_DC,-41518.32590240121
T6840,HR_DC,-41518.32590240121
T6841,HR_DC,-41518.32590240121
T6842,HR_DC,-41518.32590240121
T6843,HR_DC,-41518.32590240121
T6844,HR_DC,-41518.32590240121
T6845,HR_DC,-41518.32590240121
T6846,HR_DC,-41518.32590240121
T6847,HR_DC,-41518.32590240121
T6848,HR_DC,-41518.32590240121
T6849,HR_DC,-41518.32590240121
T6850,HR_DC,-41518.32590240121
T6851,HR_DC,-41518.32590240121
T6852,HR_DC,-41518.32590240121
T6853,HR_DC,-41518.32590240121
T6854,HR_DC,-41518.32590240121
T6855,HR_DC,-41518.32590240121
T6856,HR_DC,-41518.32590240121
T6857,HR_DC,-41518.32590240121
T6858,HR_DC,-41518.32590240121
T6859,HR_DC,-41518.32590240121
T6860,HR_DC,-41518.32590240121
T6861,HR_DC,-41518.32590240121
T6862,HR_DC,-41518.32590240121
T6863,HR_DC,-41518.32590240121
T6864,HR_DC,-41518.32590240121
T6865,HR_DC,-41518.32590240121
T6866,HR_DC,-41518.32590240121
T6867,HR_DC,-41518.32590240121
T6868,HR_DC,-41518.32590240121
T6869,HR_DC,-41518.32590240121
T6870,HR_DC,-41518.32590240121
T6871,HR_DC,-41518.32590240121
T6872,HR_DC,-41518.32590240121
T6873,HR_DC,-41518.32590240121
T6874,HR_DC,-41518.32590240121
T6875,HR_DC,-41518.32590240121
T6876,HR_DC,-41518.32590240121
T6877,HR_DC,-41518.32590240121
T6878,HR_DC,-41518.32590240121
T6879,HR_DC,-41518.32590240121
T6880,HR_DC,-41518.32590240121
T6881,HR_DC,-41518.32590240121
T6882,HR_DC,-41518.32590240121
T6883,HR_DC,-41518.32590240121
T6884,HR_DC,-41518.32590240121
T6885,HR_DC,-41518.32590240121
T6886,HR_DC,-41518.32590240121
T6887,HR_DC,-41518.32590240121
T6888,HR_DC,-41518.32590240121
T6889,HR_DC,-41518.32590240121
T6890,HR_DC,-41518.32590240121
T6891,HR_DC,-41518.32590240121
T6892,HR_DC,-41518.32590240121
T6893,HR_DC,-41518.32590240121
T6894,HR_DC,-41518.32590240121
T6895,HR_DC,-41518.32590240121
T6896,HR_DC,-41518.32590240121
T6897,HR_DC,-41518.32590240121
T6898,HR_DC,-41518.32590240121
T6899,HR_DC,-41518.32590240121
T6900,HR_DC,-41518.32590240121
T6901,HR_DC,-41518.32590240121
T6902,HR_DC,-41518.32590240121
T6903,HR_DC,-41518.32590240121
T6904,HR_DC,-41518.32590240121
T6905,HR_DC,-41518.32590240121
T6906,HR_DC,-41518.32590240121
T6907,HR_DC,-41518.32590240121
T6908,HR_DC,-41518.32590240121
T6909,HR_DC,-41518.32590240121
T6910,HR_DC,-41518.32590240121
T6911,HR_DC,-41518.32590240121
T6912,HR_DC,-41518.32590240121
T6913,HR_DC,-41518.32590240121
T6914,HR_DC,-41518.32590240121
T6915,HR_DC,-41518.32590240121
T6916,HR_DC,-41518.32590240121
T6917,HR_DC,-41518.32590240121
T6918,HR_DC,-41518.32590240121
T6919,HR_DC,-41518.32590240121
T6920,HR_DC,-41518.32590240121
T6921,HR_DC,-41518.32590240121
T6922,HR_DC,-41518.32590240121
T6923,HR_DC,-41518.32590240121
T6924,HR_DC,-41518.32590240121
T6925,HR_DC,-41518.32590240121
T6926,HR_DC,-41518.32590240121
T6927,HR_DC,-41518.32590240121
T6928,HR_DC,-41518.32590240121
T6929,HR_DC,-41518.32590240121
T6930,HR_DC,-41518.32590240121
T6931,HR_DC,-41518.32590240121
T6932,HR_DC,-41518.32590240121
T6933,HR_DC,-41518.32590240121
T6934,HR_DC,-41518.32590240121
T6935,HR_DC,-41518.32590240121
T6936,HR_DC,-41518.32590240121
T6937,HR_DC,-41518.32590240121
T6938,HR_DC,-41518.32590240121
T6939,HR_DC,-41518.32590240121
T6940,HR_DC,-41518.32590240121
T6941,HR_DC,-41518.32590240121
T6942,HR_DC,-41518.32590240121
T6943,HR_DC,-41518.32590240121
T6944,HR_DC,-41518.32590240121
T6945,HR_DC,-41518.32590240121
T6946,HR_DC,-41518.32590240121
T6947,HR_DC,-41518.32590240121
T6948,HR_DC,-41518.32590240121
T6949,HR_DC,-41518.32590240121
T6950,HR_DC,-41518.32590240121
T6951,HR_DC,-41518.32590240121
T6952,HR_DC,-41518.32590240121
T6953,HR_DC,-41518.32590240121
T6954,HR_DC,-41518.32590240121
T6955,HR_DC,-41518.32590240121
T6956,HR_DC,-41518.32590240121
T6957,HR_DC,-41518.32590240121
T6958,HR_DC,-41518.32590240121
T6959,HR_DC,-41518.32590240121
T6960,HR_DC,-41518.32590240121
T6961,HR_DC,-41518.32590240121
T6962,HR_DC,-41518.32590240121
T6963,HR_DC,-41518.32590240121
T6964,HR_DC,-41518.32590240121
T6965,HR_DC,-41518.32590240121
T6966,HR_DC,-41518.32590240121
T6967,HR_DC,-41518.32590240121
T6968,HR_DC,-41518.32590240121
T6969,HR_DC,-41518.32590240121
T6970,HR_DC,-41518.32590240121
T6971,HR_DC,-41518.32590240121
T6972,HR_DC,-41518.32590240121
T6973,HR_DC,-41518.32590240121
T6974,HR_DC,-41518.32590240121
T6975,HR_DC,-41518.32590240121
T6976,HR_DC,-41518.32590240121
T6977,HR_DC,-41518.32590240121
T6978,HR_DC,-41518.32590240121
T6979,HR_DC,-41518.32590240121
T6980,HR_DC,-41518.32590240121
T6981,HR_DC,-41518.32590240121
T6982,HR_DC,-41518.32590240121
T6983,HR_DC,-41518.32590240121
T6984,HR_DC,-41518.32590240121
T6985,HR_DC,-41518.32590240121
T6986,HR_DC,-41518.32590240121
T6987,HR_DC,-41518.32590240121
T6988,HR_DC,-41518.32590240121
T6989,HR_DC,-41518.32590240121
T6990,HR_DC,-41518.32590240121
T6991,HR_DC,-41518.32590240121
T6992,HR_DC,-41518.32590240121
T6993,HR_DC,-41518.32590240121
T6994,HR_DC,-41518.32590240121
T6995,HR_DC,-41518.32590240121
T6996,HR_DC,-41518.32590240121
T6997,HR_DC,-41518.32590240121
T6998,HR_DC,-41518.32590240121
T6999,HR_DC,-41518.32590240121
T7000,HR_DC,-41518.32590240121
T7001,HR_DC,-41518.32590240121
T7002,HR_DC,-41518.32590240121
T7003,HR_DC,-41518.32590240121
T7004,HR_DC,-41518.32590240121
T7005,HR_DC,-41518.32590240121
T7006,HR_DC,-41518.32590240121
T7007,HR_DC,-41518.32590240121
T7008,HR_DC,-41518.32590240121
T7009,HR_DC,-41518.32590240121
T7010,HR_DC,-41518.32590240121
T7011,HR_DC,-41518.32590240121
T7012,HR_DC,-41518.32590240121
T7013,HR_DC,-41518.32590240121
T7014,HR_DC,-41518.32590240121
T7015,HR_DC,-41518.32590240121
T7016,HR_DC,-41518.32590240121
T7017,HR_DC,-41518.32590240121
T7018,HR_DC,-41518.32590240121
T7019,HR_DC,-41518.32590240121
T7020,HR_DC,-41518.32590240121
T7021,HR_DC,-41518.32590240121
T7022,HR_DC,-41518.32590240121
T7023,HR_DC,-41518.32590240121
T7024,HR_DC,-41518.32590240121
T7025,HR_DC,-41518.32590240121
T7026,HR_DC,-41518.32590240121
T7027,HR_DC,-41518.32590240121
T7028,HR_DC,-41518.32590240121
T7029,HR_DC,-41518.32590240121
T7030,HR_DC,-41518.32590240121
T7031,HR_DC,-41518.32590240121
T7032,HR_DC,-41518.32590240121
T7033,HR_DC,-41518.32590240121
T7034,HR_DC,-41518.32590240121
T7035,HR_DC,-41518.32590240121
T7036,HR_DC,-41518.32590240121
T7037,HR_DC,-41518.32590240121
T7038,HR_DC,-41518.32590240121
T7039,HR_DC,-41518.32590240121
T7040,HR_DC,-41518.32590240121
T7041,HR_DC,-41518.32590240121
T7042,HR_DC,-41518.32590240121
T7043,HR_DC,-41518.32590240121
T7044,HR_DC,-41518.32590240121
T7045,HR_DC,-41518.32590240121
T7046,HR_DC,-41518.32590240121
T7047,HR_DC,-41518.32590240121
T7048,HR_DC,-41518.32590240121
T7049,HR_DC,-41518.32590240121
T7050,HR_DC,-41518.32590240121
T7051,HR_DC,-41518.32590240121
T7052,HR_DC,-41518.32590240121
T7053,HR_DC,-41518.32590240121
T7054,HR_DC,-41518.32590240121
T7055,HR_DC,-41518.32590240121
T7056,HR_DC,-41518.32590240121
T7057,HR_DC,-41518.32590240121
T7058,HR_DC,-41518.32590240121
T7059,HR_DC,-41518.32590240121
T7060,HR_DC,-41518.32590240121
T7061,HR_DC,-41518.32590240121
T7062,HR_DC,-41518.32590240121
T7063,HR_DC,-41518.32590240121
T7064,HR_DC,-41518.32590240121
T7065,HR_DC,-41518.32590240121
T7066,HR_DC,-41518.32590240121
T7067,HR_DC,-41518.32590240121
T7068,HR_DC,-41518.32590240121
T7069,HR_DC,-41518.32590240121
T7070,HR_DC,-41518.32590240121
T7071,HR_DC,-41518.32590240121
T7072,HR_DC,-41518.32590240121
T7073,HR_DC,-41518.32590240121
T7074,HR_DC,-41518.32590240121
T7075,HR_DC,-41518.32590240121
T7076,HR_DC,-41518.32590240121
T7077,HR_DC,-41518.32590240121
T7078,HR_DC,-41518.32590240121
T7079,HR_DC,-41518.32590240121
T7080,HR_DC,-41518.32590240121
T7081,HR_DC,-41518.32590240121
T7082,HR_DC,-41518.32590240121
T7083,HR_DC,-41518.32590240121
T7084,HR_DC,-41518.32590240121
T7085,HR_DC,-41518.32590240121
T7086,HR_DC,-41518.32590240121
T7087,HR_DC,-41518.32590240121
T7088,HR_DC,-41518.32590240121
T7089,HR_DC,-41518.32590240121
T7090,HR_DC,-41518.32590240121
T7091,HR_DC,-41518.32590240121
T7092,HR_DC,-41518.32590240121
T7093,HR_DC,-41518.32590240121
T7094,HR_DC,-41518.32590240121
T7095,HR_DC,-41518.32590240121
T7096,HR_DC,-41518.32590240121
T7097,HR_DC,-41518.32590240121
T7098,HR_DC,-41518.32590240121
T7099,HR_DC,-41518.32590240121
T7100,HR_DC,-41518.32590240121
T7101,HR_DC,-41518.32590240121
T7102,HR_DC,-41518.32590240121
T7103,HR_DC,-41518.32590240121
T7104,HR_DC,-41518.32590240121
T7105,HR_DC,-41518.32590240121
T7106,HR_DC,-41518.32590240121
T7107,HR_DC,-41518.32590240121
T7108,HR_DC,-41518.32590240121
T7109,HR_DC,-41518.32590240121
T7110,HR_DC,-41518.32590240121
T7111,HR_DC,-41518.32590240121
T7112,HR_DC,-41518.32590240121
T7113,HR_DC,-41518.32590240121
T7114,HR_DC,-41518.32590240121
T7115,HR_DC,-41518.32590240121
T7116,HR_DC,-41518.32590240121
T7117,HR_DC,-41518.32590240121
T7118,HR_DC,-41518.32590240121
T7119,HR_DC,-41518.32590240121
T7120,HR_DC,-41518.32590240121
T7121,HR_DC,-41518.32590240121
T7122,HR_DC,-41518.32590240121
T7123,HR_DC,-41518.32590240121
T7124,HR_DC,-41518.32590240121
T7125,HR_DC,-41518.32590240121
T7126,HR_DC,-41518.32590240121
T7127,HR_DC,-41518.32590240121
T7128,HR_DC,-41518.32590240121
T7129,HR_DC,-41518.32590240121
T7130,HR_DC,-41518.32590240121
T7131,HR_DC,-41518.32590240121
T7132,HR_DC,-41518.32590240121
T7133,HR_DC,-41518.32590240121
T7134,HR_DC,-41518.32590240121
T7135,HR_DC,-41518.32590240121
T7136,HR_DC,-41518.32590240121
T7137,HR_DC,-41518.32590240121
T7138,HR_DC,-41518.32590240121
T7139,HR_DC,-41518.32590240121
T7140,HR_DC,-41518.32590240121
T7141,HR_DC,-41518.32590240121
T7142,HR_DC,-41518.32590240121
T7143,HR_DC,-41518.32590240121
T7144,HR_DC,-41518.32590240121
T7145,HR_DC,-41518.32590240121
T7146,HR_DC,-41518.32590240121
T7147,HR_DC,-41518.32590240121
T7148,HR_DC,-41518.32590240121
T7149,HR_DC,-41518.32590240121
T7150,HR_DC,-41518.32590240121
T7151,HR_DC,-41518.32590240121
T7152,HR_DC,-41518.32590240121
T7153,HR_DC,-41518.32590240121
T7154,HR_DC,-41518.32590240121
T7155,HR_DC,-41518.32590240121
T7156,HR_DC,-41518.32590240121
T7157,HR_DC,-41518.32590240121
T7158,HR_DC,-41518.32590240121
T7159,HR_DC,-41518.32590240121
T7160,HR_DC,-41518.32590240121
T7161,HR_DC,-41518.32590240121
T7162,HR_DC,-41518.32590240121
T7163,HR_DC,-41518.32590240121
T7164,HR_DC,-41518.32590240121
T7165,HR_DC,-41518.32590240121
T7166,HR_DC,-41518.32590240121
T7167,HR_DC,-41518.32590240121
T7168,HR_DC,-41518.32590240121
T7169,HR_DC,-41518.32590240121
T7170,HR_DC,-41518.32590240121
T7171,HR_DC,-41518.32590240121
T7172,HR_DC,-41518.32590240121
T7173,HR_DC,-41518.32590240121
T7174,HR_DC,-41518.32590240121
T7175,HR_DC,-41518.32590240121
T7176,HR_DC,-41518.32590240121
T7177,HR_DC,-41518.32590240121
T7178,HR_DC,-41518.32590240121
T7179,HR_DC,-41518.32590240121
T7180,HR_DC,-41518.32590240121
T7181,HR_DC,-41518.32590240121
T7182,HR_DC,-41518.32590240121
T7183,HR_DC,-41518.32590240121
T7184,HR_DC,-41518.32590240121
T7185,HR_DC,-41518.32590240121
T7186,HR_DC,-41518.32590240121
T7187,HR_DC,-41518.32590240121
T7188,HR_DC,-41518.32590240121
T7189,HR_DC,-41518.32590240121
T7190,HR_DC,-41518.32590240121
T7191,HR_DC,-41518.32590240121
T7192,HR_DC,-41518.32590240121
T7193,HR_DC,-41518.32590240121
T7194,HR_DC,-41518.32590240121
T7195,HR_DC,-41518.32590240121
T7196,HR_DC,-41518.32590240121
T7197,HR_DC,-41518.32590240121
T7198,HR_DC,-41518.32590240121
T7199,HR_DC,-41518.32590240121
T7200,HR_DC,-41518.32590240121
T7201,HR_DC,-41518.32590240121
T7202,HR_DC,-41518.32590240121
T7203,HR_DC,-41518.32590240121
T7204,HR_DC,-41518.32590240121
T7205,HR_DC,-41518.32590240121
T7206,HR_DC,-41518.32590240121
T7207,HR_DC,-41518.32590240121
T7208,HR_DC,-41518.32590240121
T7209,HR_DC,-41518.32590240121
T7210,HR_DC,-41518.32590240121
T7211,HR_DC,-41518.32590240121
T7212,HR_DC,-41518.32590240121
T7213,HR_DC,-41518.32590240121
T7214,HR_DC,-41518.32590240121
T7215,HR_DC,-41518.32590240121
T7216,HR_DC,-41518.32590240121
T7217,HR_DC,-41518.32590240121
T7218,HR_DC,-41518.32590240121
T7219,HR_DC,-41518.32590240121
T7220,HR_DC,-41518.32590240121
T7221,HR_DC,-41518.32590240121
T7222,HR_DC,-41518.32590240121
T7223,HR_DC,-41518.32590240121
T7224,HR_DC,-41518.32590240121
T7225,HR_DC,-41518.32590240121
T7226,HR_DC,-41518.32590240121
T7227,HR_DC,-41518.32590240121
T7228,HR_DC,-41518.32590240121
T7229,HR_DC,-41518.32590240121
T7230,HR_DC,-41518.32590240121
T7231,HR_DC,-41518.32590240121
T7232,HR_DC,-41518.32590240121
T7233,HR_DC,-41518.32590240121
T7234,HR_DC,-41518.32590240121
T7235,HR_DC,-41518.32590240121
T7236,HR_DC,-41518.32590240121
T7237,HR_DC,-41518.32590240121
T7238,HR_DC,-41518.32590240121
T7239,HR_DC,-41518.32590240121
T7240,HR_DC,-41518.32590240121
T7241,HR_DC,-41518.32590240121
T7242,HR_DC,-41518.32590240121
T7243,HR_DC,-41518.32590240121
T7244,HR_DC,-41518.32590240121
T7245,HR_DC,-41518.32590240121
T7246,HR_DC,-41518.32590240121
T7247,HR_DC,-41518.32590240121
T7248,HR_DC,-41518.32590240121
T7249,HR_DC,-41518.32590240121
T7250,HR_DC,-41518.32590240121
T7251,HR_DC,-41518.32590240121
T7252,HR_DC,-41518.32590240121
T7253,HR_DC,-41518.32590240121
T7254,HR_DC,-41518.32590240121
T7255,HR_DC,-41518.32590240121
T7256,HR_DC,-41518.32590240121
T7257,HR_DC,-41518.32590240121
T7258,HR_DC,-41518.32590240121
T7259,HR_DC,-41518.32590240121
T7260,HR_DC,-41518.32590240121
T7261,HR_DC,-41518.32590240121
T7262,HR_DC,-41518.32590240121
T7263,HR_DC,-41518.32590240121
T7264,HR_DC,-41518.32590240121
T7265,HR_DC,-41518.32590240121
T7266,HR_DC,-41518.32590240121
T7267,HR_DC,-41518.32590240121
T7268,HR_DC,-41518.32590240121
T7269,HR_DC,-41518.32590240121
T7270,HR_DC,-41518.32590240121
T7271,HR_DC,-41518.32590240121
T7272,HR_DC,-41518.32590240121
T7273,HR_DC,-41518.32590240121
T7274,HR_DC,-41518.32590240121
T7275,HR_DC,-41518.32590240121
T7276,HR_DC,-41518.32590240121
T7277,HR_DC,-41518.32590240121
T7278,HR_DC,-41518.32590240121
T7279,HR_DC,-41518.32590240121
T7280,HR_DC,-41518.32590240121
T7281,HR_DC,-41518.32590240121
T7282,HR_DC,-41518.32590240121
T7283,HR_DC,-41518.32590240121
T7284,HR_DC,-41518.32590240121
T7285,HR_DC,-41518.32590240121
T7286,HR_DC,-41518.32590240121
T7287,HR_DC,-41518.32590240121
T7288,HR_DC,-41518.32590240121
T7289,HR_DC,-41518.32590240121
T7290,HR_DC,-41518.32590240121
T7291,HR_DC,-41518.32590240121
T7292,HR_DC,-41518.32590240121
T7293,HR_DC,-41518.32590240121
T7294,HR_DC,-41518.32590240121
T7295,HR_DC,-41518.32590240121
T7296,HR_DC,-41518.32590240121
T7297,HR_DC,-41518.32590240121
T7298,HR_DC,-41518.32590240121
T7299,HR_DC,-41518.32590240121
T7300,HR_DC,-41518.32590240121
T7301,HR_DC,-41488.27973993148
T7302,HR_DC,-41488.27973993148
T7303,HR_DC,-41488.27973993148
T7304,HR_DC,-41488.27973993148
T7305,HR_DC,-41488.27973993148
T7306,HR_DC,-41488.27973993148
T7307,HR_DC,-41488.27973993148
T7308,HR_DC,-41488.27973993148
T7309,HR_DC,-41488.27973993148
T7310,HR_DC,-41488.27973993148
T7311,HR_DC,-41488.27973993148
T7312,HR_DC,-41488.27973993148
T7313,HR_DC,-41488.27973993148
T7314,HR_DC,-41488.27973993148
T7315,HR_DC,-41488.27973993148
T7316,HR_DC,-41488.27973993148
T7317,HR_DC,-41488.27973993148
T7318,HR_DC,-41488.27973993148
T7319,HR_DC,-41488.27973993148
T7320,HR_DC,-41488.27973993148
T7321,HR_DC,-41488.27973993148
T7322,HR_DC,-41488.27973993148
T7323,HR_DC,-41488.27973993148
T7324,HR_DC,-41488.27973993148
T7325,HR_DC,-41488.27973993148
T7326,HR_DC,-41488.27973993148
T7327,HR_DC,-41488.27973993148
T7328,HR_DC,-41488.27973993148
T7329,HR_DC,-41488.27973993148
T7330,HR_DC,-41488.27973993148
T7331,HR_DC,-41488.27973993148
T7332,HR_DC,-41488.27973993148
T7333,HR_DC,-41488.27973993148
T7334,HR_DC,-41488.27973993148
T7335,HR_DC,-41488.27973993148
T7336,HR_DC,-41488.27973993148
T7337,HR_DC,-41488.27973993148
T7338,HR_DC,-41488.27973993148
T7339,HR_DC,-41488.27973993148
T7340,HR_DC,-41488.27973993148
T7341,HR_DC,-41488.27973993148
T7342,HR_DC,-41488.27973993148
T7343,HR_DC,-41488.27973993148
T7344,HR_DC,-41488.27973993148
T7345,HR_DC,-41488.27973993148
T7346,HR_DC,-41488.27973993148
T7347,HR_DC,-41488.27973993148
T7348,HR_DC,-41488.27973993148
T7349,HR_DC,-41488.27973993148
T7350,HR_DC,-41488.27973993148
T7351,HR_DC,-41488.27973993148
T7352,HR_DC,-41488.27973993148
T7353,HR_DC,-41488.27973993148
T7354,HR_DC,-41488.27973993148
T7355,HR_DC,-41488.27973993148
T7356,HR_DC,-41488.27973993148
T7357,HR_DC,-41488.27973993148
T7358,HR_DC,-41488.27973993148
T7359,HR_DC,-41488.27973993148
T7360,HR_DC,-41488.27973993148
T7361,HR_DC,-41488.27973993148
T7362,HR_DC,-41488.27973993148
T7363,HR_DC,-41488.27973993148
T7364,HR_DC,-41488.27973993148
T7365,HR_DC,-41488.27973993148
T7366,HR_DC,-41488.27973993148
T7367,HR_DC,-41488.27973993148
T7368,HR_DC,-41488.27973993148
T7369,HR_DC,-41488.27973993148
T7370,HR_DC,-41488.27973993148
T7371,HR_DC,-41488.27973993148
T7372,HR_DC,-41488.27973993148
T7373,HR_DC,-41488.27973993148
T7374,HR_DC,-41488.27973993148
T7375,HR_DC,-41488.27973993148
T7376,HR_DC,-41488.27973993148
T7377,HR_DC,-41488.27973993148
T7378,HR_DC,-41488.27973993148
T7379,HR_DC,-41488.27973993148
T7380,HR_DC,-41488.27973993148
T7381,HR_DC,-41488.27973993148
T7382,HR_DC,-41488.27973993148
T7383,HR_DC,-41488.27973993148
T7384,HR_DC,-41488.27973993148
T7385,HR_DC,-41488.27973993148
T7386,HR_DC,-41488.27973993148
T7387,HR_DC,-41488.27973993148
T7388,HR_DC,-41488.27973993148
T7389,HR_DC,-41488.27973993148
T7390,HR_DC,-41488.27973993148
T7391,HR_DC,-41488.27973993148
T7392,HR_DC,-41488.27973993148
T7393,HR_DC,-41488.27973993148
T7394,HR_DC,-41488.27973993148
T7395,HR_DC,-41488.27973993148
T7396,HR_DC,-41488.27973993148
T7397,HR_DC,-41488.27973993148
T7398,HR_DC,-41488.27973993148
T7399,HR_DC,-41488.27973993148
T7400,HR_DC,-41488.27973993148
T7401,HR_DC,-41488.27973993148
T7402,HR_DC,-41488.27973993148
T7403,HR_DC,-41488.27973993148
T7404,HR_DC,-41488.27973993148
T7405,HR_DC,-41488.27973993148
T7406,HR_DC,-41488.27973993148
T7407,HR_DC,-41488.27973993148
T7408,HR_DC,-41488.27973993148
T7409,HR_DC,-41488.27973993148
T7410,HR_DC,-41488.27973993148
T7411,HR_DC,-41488.27973993148
T7412,HR_DC,-41488.27973993148
T7413,HR_DC,-41488.27973993148
T7414,HR_DC,-41488.27973993148
T7415,HR_DC,-41488.27973993148
T7416,HR_DC,-41488.27973993148
T7417,HR_DC,-41488.27973993148
T7418,HR_DC,-41488.27973993148
T7419,HR_DC,-41488.27973993148
T7420,HR_DC,-41488.27973993148
T7421,HR_DC,-41488.27973993148
T7422,HR_DC,-41488.27973993148
T7423,HR_DC,-41488.27973993148
T7424,HR_DC,-41488.27973993148
T7425,HR_DC,-41488.27973993148
T7426,HR_DC,-41488.27973993148
T7427,HR_DC,-41488.27973993148
T7428,HR_DC,-41488.27973993148
T7429,HR_DC,-41488.27973993148
T7430,HR_DC,-41488.27973993148
T7431,HR_DC,-41488.27973993148
T7432,HR_DC,-41488.27973993148
T7433,HR_DC,-41488.27973993148
T7434,HR_DC,-41488.27973993148
T7435,HR_DC,-41488.27973993148
T7436,HR_DC,-41488.27973993148
T7437,HR_DC,-41488.27973993148
T7438,HR_DC,-41488.27973993148
T7439,HR_DC,-41488.27973993148
T7440,HR_DC,-41488.27973993148
T7441,HR_DC,-41488.27973993148
T7442,HR_DC,-41488.27973993148
T7443,HR_DC,-41488.27973993148
T7444,HR_DC,-41488.27973993148
T7445,HR_DC,-41488.27973993148
T7446,HR_DC,-41488.27973993148
T7447,HR_DC,-41488.27973993148
T7448,HR_DC,-41488.27973993148
T7449,HR_DC,-41488.27973993148
T7450,HR_DC,-41488.27973993148
T7451,HR_DC,-41488.27973993148
T7452,HR_DC,-41488.27973993148
T7453,HR_DC,-41488.27973993148
T7454,HR_DC,-41488.27973993148
T7455,HR_DC,-41488.27973993148
T7456,HR_DC,-41488.27973993148
T7457,HR_DC,-41488.27973993148
T7458,HR_DC,-41488.27973993148
T7459,HR_DC,-41488.27973993148
T7460,HR_DC,-41488.27973993148
T7461,HR_DC,-41488.27973993148
T7462,HR_DC,-41488.27973993148
T7463,HR_DC,-41488.27973993148
T7464,HR_DC,-41488.27973993148
T7465,HR_DC,-41488.27973993148
T7466,HR_DC,-41488.27973993148
T7467,HR_DC,-41488.27973993148
T7468,HR_DC,-41488.27973993148
T7469,HR_DC,-41488.27973993148
T7470,HR_DC,-41488.27973993148
T7471,HR_DC,-41488.27973993148
T7472,HR_DC,-41488.27973993148
T7473,HR_DC,-41488.27973993148
T7474,HR_DC,-41488.27973993148
T7475,HR_DC,-41488.27973993148
T7476,HR_DC,-41488.27973993148
T7477,HR_DC,-41488.27973993148
T7478,HR_DC,-41488.27973993148
T7479,HR_DC,-41488.27973993148
T7480,HR_DC,-41488.27973993148
T7481,HR_DC,-41488.27973993148
T7482,HR_DC,-41488.27973993148
T7483,HR_DC,-41488.27973993148
T7484,HR_DC,-41488.27973993148
T7485,HR_DC,-41488.27973993148
T7486,HR_DC,-41488.27973993148
T7487,HR_DC,-41488.27973993148
T7488,HR_DC,-41488.27973993148
T7489,HR_DC,-41488.27973993148
T7490,HR_DC,-41488.27973993148
T7491,HR_DC,-41488.27973993148
T7492,HR_DC,-41488.27973993148
T7493,HR_DC,-41488.27973993148
T7494,HR_DC,-41488.27973993148
T7495,HR_DC,-41488.27973993148
T7496,HR_DC,-41488.27973993148
T7497,HR_DC,-41488.27973993148
T7498,HR_DC,-41488.27973993148
T7499,HR_DC,-41488.27973993148
T7500,HR_DC,-41488.27973993148
T7501,HR_DC,-41488.27973993148
T7502,HR_DC,-41488.27973993148
T7503,HR_DC,-41488.27973993148
T7504,HR_DC,-41488.27973993148
T7505,HR_DC,-41488.27973993148
T7506,HR_DC,-41488.27973993148
T7507,HR_DC,-41488.27973993148
T7508,HR_DC,-41488.27973993148
T7509,HR_DC,-41488.27973993148
T7510,HR_DC,-41488.27973993148
T7511,HR_DC,-41488.27973993148
T7512,HR_DC,-41488.27973993148
T7513,HR_DC,-41488.27973993148
T7514,HR_DC,-41488.27973993148
T7515,HR_DC,-41488.27973993148
T7516,HR_DC,-41488.27973993148
T7517,HR_DC,-41488.27973993148
T7518,HR_DC,-41488.27973993148
T7519,HR_DC,-41488.27973993148
T7520,HR_DC,-41488.27973993148
T7521,HR_DC,-41488.27973993148
T7522,HR_DC,-41488.27973993148
T7523,HR_DC,-41488.27973993148
T7524,HR_DC,-41488.27973993148
T7525,HR_DC,-41488.27973993148
T7526,HR_DC,-41488.27973993148
T7527,HR_DC,-41488.27973993148
T7528,HR_DC,-41488.27973993148
T7529,HR_DC,-41488.27973993148
T7530,HR_DC,-41488.27973993148
T7531,HR_DC,-41488.27973993148
T7532,HR_DC,-41488.27973993148
T7533,HR_DC,-41488.27973993148
T7534,HR_DC,-41488.27973993148
T7535,HR_DC,-41488.27973993148
T7536,HR_DC,-41488.27973993148
T7537,HR_DC,-41488.27973993148
T7538,HR_DC,-41488.27973993148
T7539,HR_DC,-41488.27973993148
T7540,HR_DC,-41488.27973993148
T7541,HR_DC,-41488.27973993148
T7542,HR_DC,-41488.27973993148
T7543,HR_DC,-41488.27973993148
T7544,HR_DC,-41488.27973993148
T7545,HR_DC,-41488.27973993148
T7546,HR_DC,-41488.27973993148
T7547,HR_DC,-41488.27973993148
T7548,HR_DC,-41488.27973993148
T7549,HR_DC,-41488.27973993148
T7550,HR_DC,-41488.27973993148
T7551,HR_DC,-41488.27973993148
T7552,HR_DC,-41488.27973993148
T7553,HR_DC,-41488.27973993148
T7554,HR_DC,-41488.27973993148
T7555,HR_DC,-41488.27973993148
T7556,HR_DC,-41488.27973993148
T7557,HR_DC,-41488.27973993148
T7558,HR_DC,-41488.27973993148
T7559,HR_DC,-41488.27973993148
T7560,HR_DC,-41488.27973993148
T7561,HR_DC,-41488.27973993148
T7562,HR_DC,-41488.27973993148
T7563,HR_DC,-41488.27973993148
T7564,HR_DC,-41488.27973993148
T7565,HR_DC,-41488.27973993148
T7566,HR_DC,-41488.27973993148
T7567,HR_DC,-41488.27973993148
T7568,HR_DC,-41488.27973993148
T7569,HR_DC,-41488.27973993148
T7570,HR_DC,-41488.27973993148
T7571,HR_DC,-41488.27973993148
T7572,HR_DC,-41488.27973993148
T7573,HR_DC,-41488.27973993148
T7574,HR_DC,-41488.27973993148
T7575,HR_DC,-41488.27973993148
T7576,HR_DC,-41488.27973993148
T7577,HR_DC,-41488.27973993148
T7578,HR_DC,-41488.27973993148
T7579,HR_DC,-41488.27973993148
T7580,HR_DC,-41488.27973993148
T7581,HR_DC,-41488.27973993148
T7582,HR_DC,-41488.27973993148
T7583,HR_DC,-41488.27973993148
T7584,HR_DC,-41488.27973993148
T7585,HR_DC,-41488.27973993148
T7586,HR_DC,-41488.27973993148
T7587,HR_DC,-41488.27973993148
T7588,HR_DC,-41488.27973993148
T7589,HR_DC,-41488.27973993148
T7590,HR_DC,-41488.27973993148
T7591,HR_DC,-41488.27973993148
T7592,HR_DC,-41488.27973993148
T7593,HR_DC,-41488.27973993148
T7594,HR_DC,-41488.27973993148
T7595,HR_DC,-41488.27973993148
T7596,HR_DC,-41488.27973993148
T7597,HR_DC,-41488.27973993148
T7598,HR_DC,-41488.27973993148
T7599,HR_DC,-41488.27973993148
T7600,HR_DC,-41488.27973993148
T7601,HR_DC,-41488.27973993148
T7602,HR_DC,-41488.27973993148
T7603,HR_DC,-41488.27973993148
T7604,HR_DC,-41488.27973993148
T7605,HR_DC,-41488.27973993148
T7606,HR_DC,-41488.27973993148
T7607,HR_DC,-41488.27973993148
T7608,HR_DC,-41488.27973993148
T7609,HR_DC,-41488.27973993148
T7610,HR_DC,-41488.27973993148
T7611,HR_DC,-41488.27973993148
T7612,HR_DC,-41488.27973993148
T7613,HR_DC,-41488.27973993148
T7614,HR_DC,-41488.27973993148
T7615,HR_DC,-41488.27973993148
T7616,HR_DC,-41488.27973993148
T7617,HR_DC,-41488.27973993148
T7618,HR_DC,-41488.27973993148
T7619,HR_DC,-41488.27973993148
T7620,HR_DC,-41488.27973993148
T7621,HR_DC,-41488.27973993148
T7622,HR_DC,-41488.27973993148
T7623,HR_DC,-41488.27973993148
T7624,HR_DC,-41488.27973993148
T7625,HR_DC,-41488.27973993148
T7626,HR_DC,-41488.27973993148
T7627,HR_DC,-41488.27973993148
T7628,HR_DC,-41488.27973993148
T7629,HR_DC,-41488.27973993148
T7630,HR_DC,-41488.27973993148
T7631,HR_DC,-41488.27973993148
T7632,HR_DC,-41488.27973993148
T7633,HR_DC,-41488.27973993148
T7634,HR_DC,-41488.27973993148
T7635,HR_DC,-41488.27973993148
T7636,HR_DC,-41488.27973993148
T7637,HR_DC,-41488.27973993148
T7638,HR_DC,-41488.27973993148
T7639,HR_DC,-41488.27973993148
T7640,HR_DC,-41488.27973993148
T7641,HR_DC,-41488.27973993148
T7642,HR_DC,-41488.27973993148
T7643,HR_DC,-41488.27973993148
T7644,HR_DC,-41488.27973993148
T7645,HR_DC,-41488.27973993148
T7646,HR_DC,-41488.27973993148
T7647,HR_DC,-41488.27973993148
T7648,HR_DC,-41488.27973993148
T7649,HR_DC,-41488.27973993148
T7650,HR_DC,-41488.27973993148
T7651,HR_DC,-41488.27973993148
T7652,HR_DC,-41488.27973993148
T7653,HR_DC,-41488.27973993148
T7654,HR_DC,-41488.27973993148
T7655,HR_DC,-41488.27973993148
T7656,HR_DC,-41488.27973993148
T7657,HR_DC,-41488.27973993148
T7658,HR_DC,-41488.27973993148
T7659,HR_DC,-41488.27973993148
T7660,HR_DC,-41488.27973993148
T7661,HR_DC,-41488.27973993148
T7662,HR_DC,-41488.27973993148
T7663,HR_DC,-41488.27973993148
T7664,HR_DC,-41488.27973993148
T7665,HR_DC,-41488.27973993148
T7666,HR_DC,-41488.27973993148
T7667,HR_DC,-41488.27973993148
T7668,HR_DC,-41488.27973993148
T7669,HR_DC,-41488.27973993148
T7670,HR_DC,-41488.27973993148
T7671,HR_DC,-41488.27973993148
T7672,HR_DC,-41488.27973993148
T7673,HR_DC,-41488.27973993148
T7674,HR_DC,-41488.27973993148
T7675,HR_DC,-41488.27973993148
T7676,HR_DC,-41488.27973993148
T7677,HR_DC,-41488.27973993148
T7678,HR_DC,-41488.27973993148
T7679,HR_DC,-41488.27973993148
T7680,HR_DC,-41488.27973993148
T7681,HR_DC,-41488.27973993148
T7682,HR_DC,-41488.27973993148
T7683,HR_DC,-41488.27973993148
T7684,HR_DC,-41488.27973993148
T7685,HR_DC,-41488.27973993148
T7686,HR_DC,-41488.27973993148
T7687,HR_DC,-41488.27973993148
T7688,HR_DC,-41488.27973993148
T7689,HR_DC,-41488.27973993148
T7690,HR_DC,-41488.27973993148
T7691,HR_DC,-41488.27973993148
T7692,HR_DC,-41488.27973993148
T7693,HR_DC,-41488.27973993148
T7694,HR_DC,-41488.27973993148
T7695,HR_DC,-41488.27973993148
T7696,HR_DC,-41488.27973993148
T7697,HR_DC,-41488.27973993148
T7698,HR_DC,-41488.27973993148
T7699,HR_DC,-41488.27973993148
T7700,HR_DC,-41488.27973993148
T7701,HR_DC,-41488.27973993148
T7702,HR_DC,-41488.27973993148
T7703,HR_DC,-41488.27973993148
T7704,HR_DC,-41488.27973993148
T7705,HR_DC,-41488.27973993148
T7706,HR_DC,-41488.27973993148
T7707,HR_DC,-41488.27973993148
T7708,HR_DC,-41488.27973993148
T7709,HR_DC,-41488.27973993148
T7710,HR_DC,-41488.27973993148
T7711,HR_DC,-41488.27973993148
T7712,HR_DC,-41488.27973993148
T7713,HR_DC,-41488.27973993148
T7714,HR_DC,-41488.27973993148
T7715,HR_DC,-41488.27973993148
T7716,HR_DC,-41488.27973993148
T7717,HR_DC,-41488.27973993148
T7718,HR_DC,-41488.27973993148
T7719,HR_DC,-41488.27973993148
T7720,HR_DC,-41488.27973993148
T7721,HR_DC,-41488.27973993148
T7722,HR_DC,-41488.27973993148
T7723,HR_DC,-41488.27973993148
T7724,HR_DC,-41488.27973993148
T7725,HR_DC,-41488.27973993148
T7726,HR_DC,-41488.27973993148
T7727,HR_DC,-41488.27973993148
T7728,HR_DC,-41488.27973993148
T7729,HR_DC,-41488.27973993148
T7730,HR_DC,-41488.27973993148
T7731,HR_DC,-41488.27973993148
T7732,HR_DC,-41488.27973993148
T7733,HR_DC,-41488.27973993148
T7734,HR_DC,-41488.27973993148
T7735,HR_DC,-41488.27973993148
T7736,HR_DC,-41488.27973993148
T7737,HR_DC,-41488.27973993148
T7738,HR_DC,-41488.27973993148
T7739,HR_DC,-41488.27973993148
T7740,HR_DC,-41488.27973993148
T7741,HR_DC,-41488.27973993148
T7742,HR_DC,-41488.27973993148
T7743,HR_DC,-41488.27973993148
T7744,HR_DC,-41488.27973993148
T7745,HR_DC,-41488.27973993148
T7746,HR_DC,-41488.27973993148
T7747,HR_DC,-41488.27973993148
T7748,HR_DC,-41488.27973993148
T7749,HR_DC,-41488.27973993148
T7750,HR_DC,-41488.27973993148
T7751,HR_DC,-41488.27973993148
T7752,HR_DC,-41488.27973993148
T7753,HR_DC,-41488.27973993148
T7754,HR_DC,-41488.27973993148
T7755,HR_DC,-41488.27973993148
T7756,HR_DC,-41488.27973993148
T7757,HR_DC,-41488.27973993148
T7758,HR_DC,-41488.27973993148
T7759,HR_DC,-41488.27973993148
T7760,HR_DC,-41488.27973993148
T7761,HR_DC,-41488.27973993148
T7762,HR_DC,-41488.27973993148
T7763,HR_DC,-41488.27973993148
T7764,HR_DC,-41488.27973993148
T7765,HR_DC,-41488.27973993148
T7766,HR_DC,-41488.27973993148
T7767,HR_DC,-41488.27973993148
T7768,HR_DC,-41488.27973993148
T7769,HR_DC,-41488.27973993148
T7770,HR_DC,-41488.27973993148
T7771,HR_DC,-41488.27973993148
T7772,HR_DC,-41488.27973993148
T7773,HR_DC,-41488.27973993148
T7774,HR_DC,-41488.27973993148
T7775,HR_DC,-41488.27973993148
T7776,HR_DC,-41488.27973993148
T7777,HR_DC,-41488.27973993148
T7778,HR_DC,-41488.27973993148
T7779,HR_DC,-41488.27973993148
T7780,HR_DC,-41488.27973993148
T7781,HR_DC,-41488.27973993148
T7782,HR_DC,-41488.27973993148
T7783,HR_DC,-41488.27973993148
T7784,HR_DC,-41488.27973993148
T7785,HR_DC,-41488.27973993148
T7786,HR_DC,-41488.27973993148
T7787,HR_DC,-41488.27973993148
T7788,HR_DC,-41488.27973993148
T7789,HR_DC,-41488.27973993148
T7790,HR_DC,-41488.27973993148
T7791,HR_DC,-41488.27973993148
T7792,HR_DC,-41488.27973993148
T7793,HR_DC,-41488.27973993148
T7794,HR_DC,-41488.27973993148
T7795,HR_DC,-41488.27973993148
T7796,HR_DC,-41488.27973993148
T7797,HR_DC,-41488.27973993148
T7798,HR_DC,-41488.27973993148
T7799,HR_DC,-41488.27973993148
T7800,HR_DC,-41488.27973993148
T7801,HR_DC,-41488.27973993148
T7802,HR_DC,-41488.27973993148
T7803,HR_DC,-41488.27973993148
T7804,HR_DC,-41488.27973993148
T7805,HR_DC,-41488.27973993148
T7806,HR_DC,-41488.27973993148
T7807,HR_DC,-41488.27973993148
T7808,HR_DC,-41488.27973993148
T7809,HR_DC,-41488.27973993148
T7810,HR_DC,-41488.27973993148
T7811,HR_DC,-41488.27973993148
T7812,HR_DC,-41488.27973993148
T7813,HR_DC,-41488.27973993148
T7814,HR_DC,-41488.27973993148
T7815,HR_DC,-41488.27973993148
T7816,HR_DC,-41488.27973993148
T7817,HR_DC,-41488.27973993148
T7818,HR_DC,-41488.27973993148
T7819,HR_DC,-41488.27973993148
T7820,HR_DC,-41488.27973993148
T7821,HR_DC,-41488.27973993148
T7822,HR_DC,-41488.27973993148
T7823,HR_DC,-41488.27973993148
T7824,HR_DC,-41488.27973993148
T7825,HR_DC,-41488.27973993148
T7826,HR_DC,-41488.27973993148
T7827,HR_DC,-41488.27973993148
T7828,HR_DC,-41488.27973993148
T7829,HR_DC,-41488.27973993148
T7830,HR_DC,-41488.27973993148
T7831,HR_DC,-41488.27973993148
T7832,HR_DC,-41488.27973993148
T7833,HR_DC,-41488.27973993148
T7834,HR_DC,-41488.27973993148
T7835,HR_DC,-41488.27973993148
T7836,HR_DC,-41488.27973993148
T7837,HR_DC,-41488.27973993148
T7838,HR_DC,-41488.27973993148
T7839,HR_DC,-41488.27973993148
T7840,HR_DC,-41488.27973993148
T7841,HR_DC,-41488.27973993148
T7842,HR_DC,-41488.27973993148
T7843,HR_DC,-41488.27973993148
T7844,HR_DC,-41488.27973993148
T7845,HR_DC,-41488.27973993148
T7846,HR_DC,-41488.27973993148
T7847,HR_DC,-41488.27973993148
T7848,HR_DC,-41488.27973993148
T7849,HR_DC,-41488.27973993148
T7850,HR_DC,-41488.27973993148
T7851,HR_DC,-41488.27973993148
T7852,HR_DC,-41488.27973993148
T7853,HR_DC,-41488.27973993148
T7854,HR_DC,-41488.27973993148
T7855,HR_DC,-41488.27973993148
T7856,HR_DC,-41488.27973993148
T7857,HR_DC,-41488.27973993148
T7858,HR_DC,-41488.27973993148
T7859,HR_DC,-41488.27973993148
T7860,HR_DC,-41488.27973993148
T7861,HR_DC,-41488.27973993148
T7862,HR_DC,-41488.27973993148
T7863,HR_DC,-41488.27973993148
T7864,HR_DC,-41488.27973993148
T7865,HR_DC,-41488.27973993148
T7866,HR_DC,-41488.27973993148
T7867,HR_DC,-41488.27973993148
T7868,HR_DC,-41488.27973993148
T7869,HR_DC,-41488.27973993148
T7870,HR_DC,-41488.27973993148
T7871,HR_DC,-41488.27973993148
T7872,HR_DC,-41488.27973993148
T7873,HR_DC,-41488.27973993148
T7874,HR_DC,-41488.27973993148
T7875,HR_DC,-41488.27973993148
T7876,HR_DC,-41488.27973993148
T7877,HR_DC,-41488.27973993148
T7878,HR_DC,-41488.27973993148
T7879,HR_DC,-41488.27973993148
T7880,HR_DC,-41488.27973993148
T7881,HR_DC,-41488.27973993148
T7882,HR_DC,-41488.27973993148
T7883,HR_DC,-41488.27973993148
T7884,HR_DC,-41488.27973993148
T7885,HR_DC,-41488.27973993148
T7886,HR_DC,-41488.27973993148
T7887,HR_DC,-41488.27973993148
T7888,HR_DC,-41488.27973993148
T7889,HR_DC,-41488.27973993148
T7890,HR_DC,-41488.27973993148
T7891,HR_DC,-41488.27973993148
T7892,HR_DC,-41488.27973993148
T7893,HR_DC,-41488.27973993148
T7894,HR_DC,-41488.27973993148
T7895,HR_DC,-41488.27973993148
T7896,HR_DC,-41488.27973993148
T7897,HR_DC,-41488.27973993148
T7898,HR_DC,-41488.27973993148
T7899,HR_DC,-41488.27973993148
T7900,HR_DC,-41488.27973993148
T7901,HR_DC,-41488.27973993148
T7902,HR_DC,-41488.27973993148
T7903,HR_DC,-41488.27973993148
T7904,HR_DC,-41488.27973993148
T7905,HR_DC,-41488.27973993148
T7906,HR_DC,-41488.27973993148
T7907,HR_DC,-41488.27973993148
T7908,HR_DC,-41488.27973993148
T7909,HR_DC,-41488.27973993148
T7910,HR_DC,-41488.27973993148
T7911,HR_DC,-41488.27973993148
T7912,HR_DC,-41488.27973993148
T7913,HR_DC,-41488.27973993148
T7914,HR_DC,-41488.27973993148
T7915,HR_DC,-41488.27973993148
T7916,HR_DC,-41488.27973993148
T7917,HR_DC,-41488.27973993148
T7918,HR_DC,-41488.27973993148
T7919,HR_DC,-41488.27973993148
T7920,HR_DC,-41488.27973993148
T7921,HR_DC,-41488.27973993148
T7922,HR_DC,-41488.27973993148
T7923,HR_DC,-41488.27973993148
T7924,HR_DC,-41488.27973993148
T7925,HR_DC,-41488.27973993148
T7926,HR_DC,-41488.27973993148
T7927,HR_DC,-41488.27973993148
T7928,HR_DC,-41488.27973993148
T7929,HR_DC,-41488.27973993148
T7930,HR_DC,-41488.27973993148
T7931,HR_DC,-41488.27973993148
T7932,HR_DC,-41488.27973993148
T7933,HR_DC,-41488.27973993148
T7934,HR_DC,-41488.27973993148
T7935,HR_DC,-41488.27973993148
T7936,HR_DC,-41488.27973993148
T7937,HR_DC,-41488.27973993148
T7938,HR_DC,-41488.27973993148
T7939,HR_DC,-41488.27973993148
T7940,HR_DC,-41488.27973993148
T7941,HR_DC,-41488.27973993148
T7942,HR_DC,-41488.27973993148
T7943,HR_DC,-41488.27973993148
T7944,HR_DC,-41488.27973993148
T7945,HR_DC,-41488.27973993148
T7946,HR_DC,-41488.27973993148
T7947,HR_DC,-41488.27973993148
T7948,HR_DC,-41488.27973993148
T7949,HR_DC,-41488.27973993148
T7950,HR_DC,-41488.27973993148
T7951,HR_DC,-41488.27973993148
T7952,HR_DC,-41488.27973993148
T7953,HR_DC,-41488.27973993148
T7954,HR_DC,-41488.27973993148
T7955,HR_DC,-41488.27973993148
T7956,HR_DC,-41488.27973993148
T7957,HR_DC,-41488.27973993148
T7958,HR_DC,-41488.27973993148
T7959,HR_DC,-41488.27973993148
T7960,HR_DC,-41488.27973993148
T7961,HR_DC,-41488.27973993148
T7962,HR_DC,-41488.27973993148
T7963,HR_DC,-41488.27973993148
T7964,HR_DC,-41488.27973993148
T7965,HR_DC,-41488.27973993148
T7966,HR_DC,-41488.27973993148
T7967,HR_DC,-41488.27973993148
T7968,HR_DC,-41488.27973993148
T7969,HR_DC,-41488.27973993148
T7970,HR_DC,-41488.27973993148
T7971,HR_DC,-41488.27973993148
T7972,HR_DC,-41488.27973993148
T7973,HR_DC,-41488.27973993148
T7974,HR_DC,-41488.27973993148
T7975,HR_DC,-41488.27973993148
T7976,HR_DC,-41488.27973993148
T7977,HR_DC,-41488.27973993148
T7978,HR_DC,-41488.27973993148
T7979,HR_DC,-41488.27973993148
T7980,HR_DC,-41488.27973993148
T7981,HR_DC,-41488.27973993148
T7982,HR_DC,-41488.27973993148
T7983,HR_DC,-41488.27973993148
T7984,HR_DC,-41488.27973993148
T7985,HR_DC,-41488.27973993148
T7986,HR_DC,-41488.27973993148
T7987,HR_DC,-41488.27973993148
T7988,HR_DC,-41488.27973993148
T7989,HR_DC,-41488.27973993148
T7990,HR_DC,-41488.27973993148
T7991,HR_DC,-41488.27973993148
T7992,HR_DC,-41488.27973993148
T7993,HR_DC,-41488.27973993148
T7994,HR_DC,-41488.27973993148
T7995,HR_DC,-41488.27973993148
T7996,HR_DC,-41488.27973993148
T7997,HR_DC,-41488.27973993148
T7998,HR_DC,-41488.27973993148
T7999,HR_DC,-41488.27973993148
T8000,HR_DC,-41488.27973993148
T8001,HR_DC,-41488.27973993148
T8002,HR_DC,-41488.27973993148
T8003,HR_DC,-41488.27973993148
T8004,HR_DC,-41488.27973993148
T8005,HR_DC,-41488.27973993148
T8006,HR_DC,-41488.27973993148
T8007,HR_DC,-41488.27973993148
T8008,HR_DC,-41488.27973993148
T8009,HR_DC,-41488.27973993148
T8010,HR_DC,-41488.27973993148
T8011,HR_DC,-41488.27973993148
T8012,HR_DC,-41488.27973993148
T8013,HR_DC,-41488.27973993148
T8014,HR_DC,-41488.27973993148
T8015,HR_DC,-41488.27973993148
T8016,HR_DC,-41488.27973993148
T8017,HR_DC,-41488.27973993148
T8018,HR_DC,-41488.27973993148
T8019,HR_DC,-41488.27973993148
T8020,HR_DC,-41488.27973993148
T8021,HR_DC,-41488.27973993148
T8022,HR_DC,-41488.27973993148
T8023,HR_DC,-41488.27973993148
T8024,HR_DC,-41488.27973993148
T8025,HR_DC,-41488.27973993148
T8026,HR_DC,-41488.27973993148
T8027,HR_DC,-41488.27973993148
T8028,HR_DC,-41488.27973993148
T8029,HR_DC,-41488.27973993148
T8030,HR_DC,-41488.27973993148
T8031,HR_DC,-41467.65931164255
T8032,HR_DC,-41467.65931164255
T8033,HR_DC,-41467.65931164255
T8034,HR_DC,-41467.65931164255
T8035,HR_DC,-41467.65931164255
T8036,HR_DC,-41467.65931164255
T8037,HR_DC,-41467.65931164255
T8038,HR_DC,-41467.65931164255
T8039,HR_DC,-41467.65931164255
T8040,HR_DC,-41467.65931164255
T8041,HR_DC,-41467.65931164255
T8042,HR_DC,-41467.65931164255
T8043,HR_DC,-41467.65931164255
T8044,HR_DC,-41467.65931164255
T8045,HR_DC,-41467.65931164255
T8046,HR_DC,-41467.65931164255
T8047,HR_DC,-41467.65931164255
T8048,HR_DC,-41467.65931164255
T8049,HR_DC,-41467.65931164255
T8050,HR_DC,-41467.65931164255
T8051,HR_DC,-41467.65931164255
T8052,HR_DC,-41467.65931164255
T8053,HR_DC,-41467.65931164255
T8054,HR_DC,-41467.65931164255
T8055,HR_DC,-41467.65931164255
T8056,HR_DC,-41467.65931164255
T8057,HR_DC,-41467.65931164255
T8058,HR_DC,-41467.65931164255
T8059,HR_DC,-41467.65931164255
T8060,HR_DC,-41467.65931164255
T8061,HR_DC,-41467.65931164255
T8062,HR_DC,-41467.65931164255
T8063,HR_DC,-41467.65931164255
T8064,HR_DC,-41467.65931164255
T8065,HR_DC,-41467.65931164255
T8066,HR_DC,-41467.65931164255
T8067,HR_DC,-41467.65931164255
T8068,HR_DC,-41467.65931164255
T8069,HR_DC,-41467.65931164255
T8070,HR_DC,-41467.65931164255
T8071,HR_DC,-41467.65931164255
T8072,HR_DC,-41467.65931164255
T8073,HR_DC,-41467.65931164255
T8074,HR_DC,-41467.65931164255
T8075,HR_DC,-41467.65931164255
T8076,HR_DC,-41467.65931164255
T8077,HR_DC,-41467.65931164255
T8078,HR_DC,-41467.65931164255
T8079,HR_DC,-41467.65931164255
T8080,HR_DC,-41467.65931164255
T8081,HR_DC,-41467.65931164255
T8082,HR_DC,-41467.65931164255
T8083,HR_DC,-41467.65931164255
T8084,HR_DC,-41467.65931164255
T8085,HR_DC,-41467.65931164255
T8086,HR_DC,-41467.65931164255
T8087,HR_DC,-41467.65931164255
T8088,HR_DC,-41467.65931164255
T8089,HR_DC,-41467.65931164255
T8090,HR_DC,-41467.65931164255
T8091,HR_DC,-41467.65931164255
T8092,HR_DC,-41467.65931164255
T8093,HR_DC,-41467.65931164255
T8094,HR_DC,-41467.65931164255
T8095,HR_DC,-41467.65931164255
T8096,HR_DC,-41467.65931164255
T8097,HR_DC,-41467.65931164255
T8098,HR_DC,-41467.65931164255
T8099,HR_DC,-41467.65931164255
T8100,HR_DC,-41467.65931164255
T8101,HR_DC,-41467.65931164255
T8102,HR_DC,-41467.65931164255
T8103,HR_DC,-41467.65931164255
T8104,HR_DC,-41467.65931164255
T8105,HR_DC,-41467.65931164255
T8106,HR_DC,-41467.65931164255
T8107,HR_DC,-41467.65931164255
T8108,HR_DC,-41467.65931164255
T8109,HR_DC,-41467.65931164255
T8110,HR_DC,-41467.65931164255
T8111,HR_DC,-41467.65931164255
T8112,HR_DC,-41467.65931164255
T8113,HR_DC,-41467.65931164255
T8114,HR_DC,-41467.65931164255
T8115,HR_DC,-41467.65931164255
T8116,HR_DC,-41467.65931164255
T8117,HR_DC,-41467.65931164255
T8118,HR_DC,-41467.65931164255
T8119,HR_DC,-41467.65931164255
T8120,HR_DC,-41467.65931164255
T8121,HR_DC,-41467.65931164255
T8122,HR_DC,-41467.65931164255
T8123,HR_DC,-41467.65931164255
T8124,HR_DC,-41467.65931164255
T8125,HR_DC,-41467.65931164255
T8126,HR_DC,-41467.65931164255
T8127,HR_DC,-41467.65931164255
T8128,HR_DC,-41467.65931164255
T8129,HR_DC,-41467.65931164255
T8130,HR_DC,-41467.65931164255
T8131,HR_DC,-41467.65931164255
T8132,HR_DC,-41467.65931164255
T8133,HR_DC,-41467.65931164255
T8134,HR_DC,-41467.65931164255
T8135,HR_DC,-41467.65931164255
T8136,HR_DC,-41467.65931164255
T8137,HR_DC,-41467.65931164255
T8138,HR_DC,-41467.65931164255
T8139,HR_DC,-41467.65931164255
T8140,HR_DC,-41467.65931164255
T8141,HR_DC,-41467.65931164255
T8142,HR_DC,-41467.65931164255
T8143,HR_DC,-41467.65931164255
T8144,HR_DC,-41467.65931164255
T8145,HR_DC,-41467.65931164255
T8146,HR_DC,-41467.65931164255
T8147,HR_DC,-41467.65931164255
T8148,HR_DC,-41467.65931164255
T8149,HR_DC,-41467.65931164255
T8150,HR_DC,-41467.65931164255
T8151,HR_DC,-41467.65931164255
T8152,HR_DC,-41467.65931164255
T8153,HR_DC,-41467.65931164255
T8154,HR_DC,-41467.65931164255
T8155,HR_DC,-41467.65931164255
T8156,HR_DC,-41467.65931164255
T8157,HR_DC,-41467.65931164255
T8158,HR_DC,-41467.65931164255
T8159,HR_DC,-41467.65931164255
T8160,HR_DC,-41467.65931164255
T8161,HR_DC,-41467.65931164255
T8162,HR_DC,-41467.65931164255
T8163,HR_DC,-41467.65931164255
T8164,HR_DC,-41467.65931164255
T8165,HR_DC,-41467.65931164255
T8166,HR_DC,-41467.65931164255
T8167,HR_DC,-41467.65931164255
T8168,HR_DC,-41467.65931164255
T8169,HR_DC,-41467.65931164255
T8170,HR_DC,-41467.65931164255
T8171,HR_DC,-41467.65931164255
T8172,HR_DC,-41467.65931164255
T8173,HR_DC,-41467.65931164255
T8174,HR_DC,-41467.65931164255
T8175,HR_DC,-41467.65931164255
T8176,HR_DC,-41467.65931164255
T8177,HR_DC,-41467.65931164255
T8178,HR_DC,-41467.65931164255
T8179,HR_DC,-41467.65931164255
T8180,HR_DC,-41467.65931164255
T8181,HR_DC,-41467.65931164255
T8182,HR_DC,-41467.65931164255
T8183,HR_DC,-41467.65931164255
T8184,HR_DC,-41467.65931164255
T8185,HR_DC,-41467.65931164255
T8186,HR_DC,-41467.65931164255
T8187,HR_DC,-41467.65931164255
T8188,HR_DC,-41467.65931164255
T8189,HR_DC,-41467.65931164255
T8190,HR_DC,-41467.65931164255
T8191,HR_DC,-41467.65931164255
T8192,HR_DC,-41467.65931164255
T8193,HR_DC,-41467.65931164255
T8194,HR_DC,-41467.65931164255
T8195,HR_DC,-41467.65931164255
T8196,HR_DC,-41467.65931164255
T8197,HR_DC,-41467.65931164255
T8198,HR_DC,-41467.65931164255
T8199,HR_DC,-41467.65931164255
T8200,HR_DC,-41467.65931164255
T8201,HR_DC,-41467.65931164255
T8202,HR_DC,-41467.65931164255
T8203,HR_DC,-41467.65931164255
T8204,HR_DC,-41467.65931164255
T8205,HR_DC,-41467.65931164255
T8206,HR_DC,-41467.65931164255
T8207,HR_DC,-41467.65931164255
T8208,HR_DC,-41467.65931164255
T8209,HR_DC,-41467.65931164255
T8210,HR_DC,-41467.65931164255
T8211,HR_DC,-41467.65931164255
T8212,HR_DC,-41467.65931164255
T8213,HR_DC,-41467.65931164255
T8214,HR_DC,-41467.65931164255
T8215,HR_DC,-41467.65931164255
T8216,HR_DC,-41467.65931164255
T8217,HR_DC,-41467.65931164255
T8218,HR_DC,-41467.65931164255
T8219,HR_DC,-41467.65931164255
T8220,HR_DC,-41467.65931164255
T8221,HR_DC,-41467.65931164255
T8222,HR_DC,-41467.65931164255
T8223,HR_DC,-41467.65931164255
T8224,HR_DC,-41467.65931164255
T8225,HR_DC,-41467.65931164255
T8226,HR_DC,-41467.65931164255
T8227,HR_DC,-41467.65931164255
T8228,HR_DC,-41467.65931164255
T8229,HR_DC,-41467.65931164255
T8230,HR_DC,-41467.65931164255
T8231,HR_DC,-41467.65931164255
T8232,HR_DC,-41467.65931164255
T8233,HR_DC,-41467.65931164255
T8234,HR_DC,-41467.65931164255
T8235,HR_DC,-41467.65931164255
T8236,HR_DC,-41467.65931164255
T8237,HR_DC,-41467.65931164255
T8238,HR_DC,-41467.65931164255
T8239,HR_DC,-41467.65931164255
T8240,HR_DC,-41467.65931164255
T8241,HR_DC,-41467.65931164255
T8242,HR_DC,-41467.65931164255
T8243,HR_DC,-41467.65931164255
T8244,HR_DC,-41467.65931164255
T8245,HR_DC,-41467.65931164255
T8246,HR_DC,-41467.65931164255
T8247,HR_DC,-41467.65931164255
T8248,HR_DC,-41467.65931164255
T8249,HR_DC,-41467.65931164255
T8250,HR_DC,-41467.65931164255
T8251,HR_DC,-41467.65931164255
T8252,HR_DC,-41467.65931164255
T8253,HR_DC,-41467.65931164255
T8254,HR_DC,-41467.65931164255
T8255,HR_DC,-41467.65931164255
T8256,HR_DC,-41467.65931164255
T8257,HR_DC,-41467.65931164255
T8258,HR_DC,-41467.65931164255
T8259,HR_DC,-41467.65931164255
T8260,HR_DC,-41467.65931164255
T8261,HR_DC,-41467.65931164255
T8262,HR_DC,-41467.65931164255
T8263,HR_DC,-41467.65931164255
T8264,HR_DC,-41467.65931164255
T8265,HR_DC,-41467.65931164255
T8266,HR_DC,-41467.65931164255
T8267,HR_DC,-41467.65931164255
T8268,HR_DC,-41467.65931164255
T8269,HR_DC,-41467.65931164255
T8270,HR_DC,-41467.65931164255
T8271,HR_DC,-41467.65931164255
T8272,HR_DC,-41467.65931164255
T8273,HR_DC,-41467.65931164255
T8274,HR_DC,-41467.65931164255
T8275,HR_DC,-41467.65931164255
T8276,HR_DC,-41467.65931164255
T8277,HR_DC,-41467.65931164255
T8278,HR_DC,-41467.65931164255
T8279,HR_DC,-41467.65931164255
T8280,HR_DC,-41467.65931164255
T8281,HR_DC,-41467.65931164255
T8282,HR_DC,-41467.65931164255
T8283,HR_DC,-41467.65931164255
T8284,HR_DC,-41467.65931164255
T8285,HR_DC,-41467.65931164255
T8286,HR_DC,-41467.65931164255
T8287,HR_DC,-41467.65931164255
T8288,HR_DC,-41467.65931164255
T8289,HR_DC,-41467.65931164255
T8290,HR_DC,-41467.65931164255
T8291,HR_DC,-41467.65931164255
T8292,HR_DC,-41467.65931164255
T8293,HR_DC,-41467.65931164255
T8294,HR_DC,-41467.65931164255
T8295,HR_DC,-41467.65931164255
T8296,HR_DC,-41467.65931164255
T8297,HR_DC,-41467.65931164255
T8298,HR_DC,-41467.65931164255
T8299,HR_DC,-41467.65931164255
T8300,HR_DC,-41467.65931164255
T8301,HR_DC,-41467.65931164255
T8302,HR_DC,-41467.65931164255
T8303,HR_DC,-41467.65931164255
T8304,HR_DC,-41467.65931164255
T8305,HR_DC,-41467.65931164255
T8306,HR_DC,-41467.65931164255
T8307,HR_DC,-41467.65931164255
T8308,HR_DC,-41467.65931164255
T8309,HR_DC,-41467.65931164255
T8310,HR_DC,-41467.65931164255
T8311,HR_DC,-41467.65931164255
T8312,HR_DC,-41467.65931164255
T8313,HR_DC,-41467.65931164255
T8314,HR_DC,-41467.65931164255
T8315,HR_DC,-41467.65931164255
T8316,HR_DC,-41467.65931164255
T8317,HR_DC,-41467.65931164255
T8318,HR_DC,-41467.65931164255
T8319,HR_DC,-41467.65931164255
T8320,HR_DC,-41467.65931164255
T8321,HR_DC,-41467.65931164255
T8322,HR_DC,-41467.65931164255
T8323,HR_DC,-41467.65931164255
T8324,HR_DC,-41467.65931164255
T8325,HR_DC,-41467.65931164255
T8326,HR_DC,-41467.65931164255
T8327,HR_DC,-41467.65931164255
T8328,HR_DC,-41467.65931164255
T8329,HR_DC,-41467.65931164255
T8330,HR_DC,-41467.65931164255
T8331,HR_DC,-41467.65931164255
T8332,HR_DC,-41467.65931164255
T8333,HR_DC,-41467.65931164255
T8334,HR_DC,-41467.65931164255
T8335,HR_DC,-41467.65931164255
T8336,HR_DC,-41467.65931164255
T8337,HR_DC,-41467.65931164255
T8338,HR_DC,-41467.65931164255
T8339,HR_DC,-41467.65931164255
T8340,HR_DC,-41467.65931164255
T8341,HR_DC,-41467.65931164255
T8342,HR_DC,-41467.65931164255
T8343,HR_DC,-41467.65931164255
T8344,HR_DC,-41467.65931164255
T8345,HR_DC,-41467.65931164255
T8346,HR_DC,-41467.65931164255
T8347,HR_DC,-41467.65931164255
T8348,HR_DC,-41467.65931164255
T8349,HR_DC,-41467.65931164255
T8350,HR_DC,-41467.65931164255
T8351,HR_DC,-41467.65931164255
T8352,HR_DC,-41467.65931164255
T8353,HR_DC,-41467.65931164255
T8354,HR_DC,-41467.65931164255
T8355,HR_DC,-41467.65931164255
T8356,HR_DC,-41467.65931164255
T8357,HR_DC,-41467.65931164255
T8358,HR_DC,-41467.65931164255
T8359,HR_DC,-41467.65931164255
T8360,HR_DC,-41467.65931164255
T8361,HR_DC,-41467.65931164255
T8362,HR_DC,-41467.65931164255
T8363,HR_DC,-41467.65931164255
T8364,HR_DC,-41467.65931164255
T8365,HR_DC,-41467.65931164255
T8366,HR_DC,-41467.65931164255
T8367,HR_DC,-41467.65931164255
T8368,HR_DC,-41467.65931164255
T8369,HR_DC,-41467.65931164255
T8370,HR_DC,-41467.65931164255
T8371,HR_DC,-41467.65931164255
T8372,HR_DC,-41467.65931164255
T8373,HR_DC,-41467.65931164255
T8374,HR_DC,-41467.65931164255
T8375,HR_DC,-41467.65931164255
T8376,HR_DC,-41467.65931164255
T8377,HR_DC,-41467.65931164255
T8378,HR_DC,-41467.65931164255
T8379,HR_DC,-41467.65931164255
T8380,HR_DC,-41467.65931164255
T8381,HR_DC,-41467.65931164255
T8382,HR_DC,-41467.65931164255
T8383,HR_DC,-41467.65931164255
T8384,HR_DC,-41467.65931164255
T8385,HR_DC,-41467.65931164255
T8386,HR_DC,-41467.65931164255
T8387,HR_DC,-41467.65931164255
T8388,HR_DC,-41467.65931164255
T8389,HR_DC,-41467.65931164255
T8390,HR_DC,-41467.65931164255
T8391,HR_DC,-41467.65931164255
T8392,HR_DC,-41467.65931164255
T8393,HR_DC,-41467.65931164255
T8394,HR_DC,-41467.65931164255
T8395,HR_DC,-41467.65931164255
T8396,HR_DC,-41467.65931164255
T8397,HR_DC,-41467.65931164255
T8398,HR_DC,-41467.65931164255
T8399,HR_DC,-41467.65931164255
T8400,HR_DC,-41467.65931164255
T8401,HR_DC,-41467.65931164255
T8402,HR_DC,-41467.65931164255
T8403,HR_DC,-41467.65931164255
T8404,HR_DC,-41467.65931164255
T8405,HR_DC,-41467.65931164255
T8406,HR_DC,-41467.65931164255
T8407,HR_DC,-41467.65931164255
T8408,HR_DC,-41467.65931164255
T8409,HR_DC,-41467.65931164255
T8410,HR_DC,-41467.65931164255
T8411,HR_DC,-41467.65931164255
T8412,HR_DC,-41467.65931164255
T8413,HR_DC,-41467.65931164255
T8414,HR_DC,-41467.65931164255
T8415,HR_DC,-41467.65931164255
T8416,HR_DC,-41467.65931164255
T8417,HR_DC,-41467.65931164255
T8418,HR_DC,-41467.65931164255
T8419,HR_DC,-41467.65931164255
T8420,HR_DC,-41467.65931164255
T8421,HR_DC,-41467.65931164255
T8422,HR_DC,-41467.65931164255
T8423,HR_DC,-41467.65931164255
T8424,HR_DC,-41467.65931164255
T8425,HR_DC,-41467.65931164255
T8426,HR_DC,-41467.65931164255
T8427,HR_DC,-41467.65931164255
T8428,HR_DC,-41467.65931164255
T8429,HR_DC,-41467.65931164255
T8430,HR_DC,-41467.65931164255
T8431,HR_DC,-41467.65931164255
T8432,HR_DC,-41467.65931164255
T8433,HR_DC,-41467.65931164255
T8434,HR_DC,-41467.65931164255
T8435,HR_DC,-41467.65931164255
T8436,HR_DC,-41467.65931164255
T8437,HR_DC,-41467.65931164255
T8438,HR_DC,-41467.65931164255
T8439,HR_DC,-41467.65931164255
T8440,HR_DC,-41467.65931164255
T8441,HR_DC,-41467.65931164255
T8442,HR_DC,-41467.65931164255
T8443,HR_DC,-41467.65931164255
T8444,HR_DC,-41467.65931164255
T8445,HR_DC,-41467.65931164255
T8446,HR_DC,-41467.65931164255
T8447,HR_DC,-41467.65931164255
T8448,HR_DC,-41467.65931164255
T8449,HR_DC,-41467.65931164255
T8450,HR_DC,-41467.65931164255
T8451,HR_DC,-41467.65931164255
T8452,HR_DC,-41467.65931164255
T8453,HR_DC,-41467.65931164255
T8454,HR_DC,-41467.65931164255
T8455,HR_DC,-41467.65931164255
T8456,HR_DC,-41467.65931164255
T8457,HR_DC,-41467.65931164255
T8458,HR_DC,-41467.65931164255
T8459,HR_DC,-41467.65931164255
T8460,HR_DC,-41467.65931164255
T8461,HR_DC,-41467.65931164255
T8462,HR_DC,-41467.65931164255
T8463,HR_DC,-41467.65931164255
T8464,HR_DC,-41467.65931164255
T8465,HR_DC,-41467.65931164255
T8466,HR_DC,-41467.65931164255
T8467,HR_DC,-41467.65931164255
T8468,HR_DC,-41467.65931164255
T8469,HR_DC,-41467.65931164255
T8470,HR_DC,-41467.65931164255
T8471,HR_DC,-41467.65931164255
T8472,HR_DC,-41467.65931164255
T8473,HR_DC,-41467.65931164255
T8474,HR_DC,-41467.65931164255
T8475,HR_DC,-41467.65931164255
T8476,HR_DC,-41467.65931164255
T8477,HR_DC,-41467.65931164255
T8478,HR_DC,-41467.65931164255
T8479,HR_DC,-41467.65931164255
T8480,HR_DC,-41467.65931164255
T8481,HR_DC,-41467.65931164255
T8482,HR_DC,-41467.65931164255
T8483,HR_DC,-41467.65931164255
T8484,HR_DC,-41467.65931164255
T8485,HR_DC,-41467.65931164255
T8486,HR_DC,-41467.65931164255
T8487,HR_DC,-41467.65931164255
T8488,HR_DC,-41467.65931164255
T8489,HR_DC,-41467.65931164255
T8490,HR_DC,-41467.65931164255
T8491,HR_DC,-41467.65931164255
T8492,HR_DC,-41467.65931164255
T8493,HR_DC,-41467.65931164255
T8494,HR_DC,-41467.65931164255
T8495,HR_DC,-41467.65931164255
T8496,HR_DC,-41467.65931164255
T8497,HR_DC,-41467.65931164255
T8498,HR_DC,-41467.65931164255
T8499,HR_DC,-41467.65931164255
T8500,HR_DC,-41467.65931164255
T8501,HR_DC,-41467.65931164255
T8502,HR_DC,-41467.65931164255
T8503,HR_DC,-41467.65931164255
T8504,HR_DC,-41467.65931164255
T8505,HR_DC,-41467.65931164255
T8506,HR_DC,-41467.65931164255
T8507,HR_DC,-41467.65931164255
T8508,HR_DC,-41467.65931164255
T8509,HR_DC,-41467.65931164255
T8510,HR_DC,-41467.65931164255
T8511,HR_DC,-41467.65931164255
T8512,HR_DC,-41467.65931164255
T8513,HR_DC,-41467.65931164255
T8514,HR_DC,-41467.65931164255
T8515,HR_DC,-41467.65931164255
T8516,HR_DC,-41467.65931164255
T8517,HR_DC,-41467.65931164255
T8518,HR_DC,-41467.65931164255
T8519,HR_DC,-41467.65931164255
T8520,HR_DC,-41467.65931164255
T8521,HR_DC,-41467.65931164255
T8522,HR_DC,-41467.65931164255
T8523,HR_DC,-41467.65931164255
T8524,HR_DC,-41467.65931164255
T8525,HR_DC,-41467.65931164255
T8526,HR_DC,-41467.65931164255
T8527,HR_DC,-41467.65931164255
T8528,HR_DC,-41467.65931164255
T8529,HR_DC,-41467.65931164255
T8530,HR_DC,-41467.65931164255
T8531,HR_DC,-41467.65931164255
T8532,HR_DC,-41467.65931164255
T8533,HR_DC,-41467.65931164255
T8534,HR_DC,-41467.65931164255
T8535,HR_DC,-41467.65931164255
T8536,HR_DC,-41467.65931164255
T8537,HR_DC,-41467.65931164255
T8538,HR_DC,-41467.65931164255
T8539,HR_DC,-41467.65931164255
T8540,HR_DC,-41467.65931164255
T8541,HR_DC,-41467.65931164255
T8542,HR_DC,-41467.65931164255
T8543,HR_DC,-41467.65931164255
T8544,HR_DC,-41467.65931164255
T8545,HR_DC,-41467.65931164255
T8546,HR_DC,-41467.65931164255
T8547,HR_DC,-41467.65931164255
T8548,HR_DC,-41467.65931164255
T8549,HR_DC,-41467.65931164255
T8550,HR_DC,-41467.65931164255
T8551,HR_DC,-41467.65931164255
T8552,HR_DC,-41467.65931164255
T8553,HR_DC,-41467.65931164255
T8554,HR_DC,-41467.65931164255
T8555,HR_DC,-41467.65931164255
T8556,HR_DC,-41467.65931164255
T8557,HR_DC,-41467.65931164255
T8558,HR_DC,-41467.65931164255
T8559,HR_DC,-41467.65931164255
T8560,HR_DC,-41467.65931164255
T8561,HR_DC,-41467.65931164255
T8562,HR_DC,-41467.65931164255
T8563,HR_DC,-41467.65931164255
T8564,HR_DC,-41467.65931164255
T8565,HR_DC,-41467.65931164255
T8566,HR_DC,-41467.65931164255
T8567,HR_DC,-41467.65931164255
T8568,HR_DC,-41467.65931164255
T8569,HR_DC,-41467.65931164255
T8570,HR_DC,-41467.65931164255
T8571,HR_DC,-41467.65931164255
T8572,HR_DC,-41467.65931164255
T8573,HR_DC,-41467.65931164255
T8574,HR_DC,-41467.65931164255
T8575,HR_DC,-41467.65931164255
T8576,HR_DC,-41467.65931164255
T8577,HR_DC,-41467.65931164255
T8578,HR_DC,-41467.65931164255
T8579,HR_DC,-41467.65931164255
T8580,HR_DC,-41467.65931164255
T8581,HR_DC,-41467.65931164255
T8582,HR_DC,-41467.65931164255
T8583,HR_DC,-41467.65931164255
T8584,HR_DC,-41467.65931164255
T8585,HR_DC,-41467.65931164255
T8586,HR_DC,-41467.65931164255
T8587,HR_DC,-41467.65931164255
T8588,HR_DC,-41467.65931164255
T8589,HR_DC,-41467.65931164255
T8590,HR_DC,-41467.65931164255
T8591,HR_DC,-41467.65931164255
T8592,HR_DC,-41467.65931164255
T8593,HR_DC,-41467.65931164255
T8594,HR_DC,-41467.65931164255
T8595,HR_DC,-41467.65931164255
T8596,HR_DC,-41467.65931164255
T8597,HR_DC,-41467.65931164255
T8598,HR_DC,-41467.65931164255
T8599,HR_DC,-41467.65931164255
T8600,HR_DC,-41467.65931164255
T8601,HR_DC,-41467.65931164255
T8602,HR_DC,-41467.65931164255
T8603,HR_DC,-41467.65931164255
T8604,HR_DC,-41467.65931164255
T8605,HR_DC,-41467.65931164255
T8606,HR_DC,-41467.65931164255
T8607,HR_DC,-41467.65931164255
T8608,HR_DC,-41467.65931164255
T8609,HR_DC,-41467.65931164255
T8610,HR_DC,-41467.65931164255
T8611,HR_DC,-41467.65931164255
T8612,HR_DC,-41467.65931164255
T8613,HR_DC,-41467.65931164255
T8614,HR_DC,-41467.65931164255
T8615,HR_DC,-41467.65931164255
T8616,HR_DC,-41467.65931164255
T8617,HR_DC,-41467.65931164255
T8618,HR_DC,-41467.65931164255
T8619,HR_DC,-41467.65931164255
T8620,HR_DC,-41467.65931164255
T8621,HR_DC,-41467.65931164255
T8622,HR_DC,-41467.65931164255
T8623,HR_DC,-41467.65931164255
T8624,HR_DC,-41467.65931164255
T8625,HR_DC,-41467.65931164255
T8626,HR_DC,-41467.65931164255
T8627,HR_DC,-41467.65931164255
T8628,HR_DC,-41467.65931164255
T8629,HR_DC,-41467.65931164255
T8630,HR_DC,-41467.65931164255
T8631,HR_DC,-41467.65931164255
T8632,HR_DC,-41467.65931164255
T8633,HR_DC,-41467.65931164255
T8634,HR_DC,-41467.65931164255
T8635,HR_DC,-41467.65931164255
T8636,HR_DC,-41467.65931164255
T8637,HR_DC,-41467.65931164255
T8638,HR_DC,-41467.65931164255
T8639,HR_DC,-41467.65931164255
T8640,HR_DC,-41467.65931164255
T8641,HR_DC,-41467.65931164255
T8642,HR_DC,-41467.65931164255
T8643,HR_DC,-41467.65931164255
T8644,HR_DC,-41467.65931164255
T8645,HR_DC,-41467.65931164255
T8646,HR_DC,-41467.65931164255
T8647,HR_DC,-41467.65931164255
T8648,HR_DC,-41467.65931164255
T8649,HR_DC,-41467.65931164255
T8650,HR_DC,-41467.65931164255
T8651,HR_DC,-41467.65931164255
T8652,HR_DC,-41467.65931164255
T8653,HR_DC,-41467.65931164255
T8654,HR_DC,-41467.65931164255
T8655,HR_DC,-41467.65931164255
T8656,HR_DC,-41467.65931164255
T8657,HR_DC,-41467.65931164255
T8658,HR_DC,-41467.65931164255
T8659,HR_DC,-41467.65931164255
T8660,HR_DC,-41467.65931164255
T8661,HR_DC,-41467.65931164255
T8662,HR_DC,-41467.65931164255
T8663,HR_DC,-41467.65931164255
T8664,HR_DC,-41467.65931164255
T8665,HR_DC,-41467.65931164255
T8666,HR_DC,-41467.65931164255
T8667,HR_DC,-41467.65931164255
T8668,HR_DC,-41467.65931164255
T8669,HR_DC,-41467.65931164255
T8670,HR_DC,-41467.65931164255
T8671,HR_DC,-41467.65931164255
T8672,HR_DC,-41467.65931164255
T8673,HR_DC,-41467.65931164255
T8674,HR_DC,-41467.65931164255
T8675,HR_DC,-41467.65931164255
T8676,HR_DC,-41467.65931164255
T8677,HR_DC,-41467.65931164255
T8678,HR_DC,-41467.65931164255
T8679,HR_DC,-41467.65931164255
T8680,HR_DC,-41467.65931164255
T8681,HR_DC,-41467.65931164255
T8682,HR_DC,-41467.65931164255
T8683,HR_DC,-41467.65931164255
T8684,HR_DC,-41467.65931164255
T8685,HR_DC,-41467.65931164255
T8686,HR_DC,-41467.65931164255
T8687,HR_DC,-41467.65931164255
T8688,HR_DC,-41467.65931164255
T8689,HR_DC,-41467.65931164255
T8690,HR_DC,-41467.65931164255
T8691,HR_DC,-41467.65931164255
T8692,HR_DC,-41467.65931164255
T8693,HR_DC,-41467.65931164255
T8694,HR_DC,-41467.65931164255
T8695,HR_DC,-41467.65931164255
T8696,HR_DC,-41467.65931164255
T8697,HR_DC,-41467.65931164255
T8698,HR_DC,-41467.65931164255
T8699,HR_DC,-41467.65931164255
T8700,HR_DC,-41467.65931164255
T8701,HR_DC,-41467.65931164255
T8702,HR_DC,-41467.65931164255
T8703,HR_DC,-41467.65931164255
T8704,HR_DC,-41467.65931164255
T8705,HR_DC,-41467.65931164255
T8706,HR_DC,-41467.65931164255
T8707,HR_DC,-41467.65931164255
T8708,HR_DC,-41467.65931164255
T8709,HR_DC,-41467.65931164255
T8710,HR_DC,-41467.65931164255
T8711,HR_DC,-41467.65931164255
T8712,HR_DC,-41467.65931164255
T8713,HR_DC,-41467.65931164255
T8714,HR_DC,-41467.65931164255
T8715,HR_DC,-41467.65931164255
T8716,HR_DC,-41467.65931164255
T8717,HR_DC,-41467.65931164255
T8718,HR_DC,-41467.65931164255
T8719,HR_DC,-41467.65931164255
T8720,HR_DC,-41467.65931164255
T8721,HR_DC,-41467.65931164255
T8722,HR_DC,-41467.65931164255
T8723,HR_DC,-41467.65931164255
T8724,HR_DC,-41467.65931164255
T8725,HR_DC,-41467.65931164255
T8726,HR_DC,-41467.65931164255
T8727,HR_DC,-41467.65931164255
T8728,HR_DC,-41467.65931164255
T8729,HR_DC,-41467.65931164255
T8730,HR_DC,-41467.65931164255
T8731,HR_DC,-41467.65931164255
T8732,HR_DC,-41467.65931164255
T8733,HR_DC,-41467.65931164255
T8734,HR_DC,-41467.65931164255
T8735,HR_DC,-41467.65931164255
T8736,HR_DC,-41467.65931164255
T8737,HR_DC,-41467.65931164255
T8738,HR_DC,-41467.65931164255
T8739,HR_DC,-41467.65931164255
T8740,HR_DC,-41467.65931164255
T8741,HR_DC,-41467.65931164255
T8742,HR_DC,-41467.65931164255
T8743,HR_DC,-41467.65931164255
T8744,HR_DC,-41467.65931164255
T8745,HR_DC,-41467.65931164255
T8746,HR_DC,-41467.65931164255
T8747,HR_DC,-41467.65931164255
T8748,HR_DC,-41467.65931164255
T8749,HR_DC,-41467.65931164255
T8750,HR_DC,-41467.65931164255
T8751,HR_DC,-41467.65931164255
T8752,HR_DC,-41467.65931164255
T8753,HR_DC,-41467.65931164255
T8754,HR_DC,-41467.65931164255
T8755,HR_DC,-41467.65931164255
T8756,HR_DC,-41467.65931164255
T8757,HR_DC,-41467.65931164255
T8758,HR_DC,-41467.65931164255
T8759,HR_DC,-41467.65931164255
T8760,HR_DC,-41467.65931164255
